KMeans100-SciBert	KMeans130-BioBert	HierClust80-SciBert	HierClust100-BioBert	GMM_BioBert
19	78	46	46	23
27	78	60	60	50
8	108	16	7	3
70	78	38	8	6
70	78	12	17	3
80	78	12	17	3
78	78	13	98	6
7	108	11	25	40
34	78	7	53	21
19	78	0	21	3
19	86	26	5	3
8	86	17	1	3
70	108	37	37	3
70	86	0	21	90
19	78	46	46	3
96	108	35	35	49
70	78	54	54	49
76	78	6	31	22
59	78	6	31	3
59	108	69	69	65
50	108	14	34	65
70	108	54	54	63
73	78	31	15	82
59	78	23	85	3
32	108	76	76	6
40	78	7	91	6
26	108	6	31	12
73	78	71	71	82
70	78	31	15	49
59	78	55	27	6
34	108	9	4	63
70	78	71	71	3
50	108	5	20	49
59	78	55	27	12
78	108	32	3	22
70	78	5	20	82
70	108	5	20	49
70	108	5	20	49
96	108	5	20	12
24	78	22	22	65
70	78	39	39	3
70	78	42	42	3
70	78	39	39	3
70	78	42	42	3
73	108	69	69	65
70	108	32	3	82
89	78	35	35	82
78	78	35	35	22
26	108	6	31	12
49	78	1	81	21
73	108	69	69	6
70	108	12	17	6
70	108	12	17	3
59	108	67	67	65
70	78	39	39	82
89	78	12	17	6
34	78	9	4	49
70	108	12	17	6
59	78	55	27	49
59	108	39	39	65
66	78	3	30	22
74	108	33	33	21
89	108	33	33	59
94	108	33	33	59
52	108	15	51	49
34	108	54	54	3
89	78	72	72	34
49	78	50	50	22
96	108	48	11	49
8	11	21	10	3
59	78	25	99	3
70	108	67	67	49
49	78	1	81	49
89	78	1	81	34
59	78	5	84	49
80	78	42	42	49
75	78	1	81	49
24	78	1	81	49
59	78	10	78	3
59	78	25	99	3
89	78	42	42	3
73	78	71	71	82
70	78	13	98	65
89	101	9	4	49
59	39	26	5	49
28	78	50	50	21
12	78	50	50	49
79	108	14	96	59
79	108	14	96	59
94	108	14	96	59
49	108	72	72	21
89	108	72	72	63
89	78	9	4	63
34	108	9	4	49
34	108	9	4	63
89	78	33	33	49
34	78	7	53	21
34	11	7	53	63
59	78	31	15	3
76	78	6	92	65
79	78	15	48	6
79	78	4	43	6
70	108	5	20	49
79	108	14	96	6
50	78	14	96	6
79	108	34	16	49
59	78	6	31	22
34	108	9	4	49
98	78	79	79	49
70	108	69	69	6
50	108	7	91	12
61	78	22	22	50
50	78	14	34	61
34	78	9	4	49
26	108	6	31	12
49	78	1	81	21
73	108	69	69	6
38	78	42	42	49
59	78	55	27	12
75	78	23	47	3
75	78	23	47	49
75	11	23	47	3
19	86	23	47	28
96	78	35	35	56
70	78	38	8	22
70	78	38	8	40
8	86	38	8	34
19	11	38	8	34
70	78	12	44	49
70	11	38	8	22
70	78	12	17	6
19	108	38	8	40
70	108	12	17	49
70	78	12	17	49
70	108	38	8	6
70	78	38	8	22
70	78	38	8	22
70	78	67	67	3
70	108	0	21	3
70	108	0	21	3
70	108	0	21	3
70	108	0	21	3
70	108	0	21	3
70	108	0	21	3
89	86	42	42	3
70	108	42	42	3
50	78	30	2	49
86	108	11	25	49
96	78	11	25	49
96	108	11	25	49
96	108	20	9	6
96	11	20	9	6
96	11	20	9	6
70	108	12	17	6
75	78	53	26	3
49	78	73	73	21
70	108	35	35	88
59	78	55	27	12
78	108	32	3	12
70	108	5	20	16
70	108	5	20	49
70	108	54	54	82
19	108	32	3	3
70	78	5	86	49
70	78	5	86	49
8	78	21	10	3
19	11	77	77	40
19	86	26	5	25
8	86	0	21	3
19	86	17	1	3
19	86	17	1	22
36	78	60	60	22
70	78	37	37	3
19	78	53	26	49
70	78	37	37	3
70	78	53	26	3
50	78	7	91	6
89	78	4	43	6
1	78	47	56	49
78	108	32	3	3
49	78	1	81	6
52	11	4	43	6
19	86	26	5	3
73	108	69	69	65
78	108	32	3	49
8	108	2	97	40
19	108	8	18	22
8	86	38	8	40
8	78	38	8	22
8	86	38	8	40
8	78	38	8	40
8	78	38	8	40
19	78	46	46	3
19	78	46	46	3
19	108	46	46	3
19	108	46	46	3
19	108	8	18	6
19	108	8	18	22
96	108	20	9	22
19	108	20	9	6
19	11	20	9	6
8	108	66	66	6
19	108	20	9	40
75	78	2	97	26
19	78	63	63	25
65	78	70	70	40
8	78	70	70	51
19	78	20	9	40
19	108	20	9	3
19	78	2	97	22
75	78	68	68	6
0	10	68	68	30
70	108	5	20	82
70	108	5	20	49
70	108	54	54	49
70	108	54	54	49
89	78	6	31	21
70	108	54	54	49
19	11	26	5	3
19	78	46	46	3
70	78	45	45	3
19	78	23	47	3
70	78	22	22	65
70	78	32	3	3
94	78	58	58	6
75	108	72	72	34
7	108	51	12	49
96	78	51	12	49
70	108	77	77	3
8	16	0	21	3
8	86	17	1	3
50	78	7	91	6
52	78	34	16	49
52	78	34	16	34
1	78	47	56	49
88	78	40	40	6
32	78	40	40	6
21	78	76	76	59
19	78	46	46	40
19	78	46	46	40
19	78	46	46	40
19	108	46	46	25
19	78	46	46	40
19	108	46	46	40
19	86	46	46	3
19	78	46	46	3
19	16	46	46	40
19	86	17	1	40
8	78	28	28	25
19	108	17	1	40
8	86	61	61	40
19	86	61	61	25
19	86	46	46	40
19	78	46	46	40
19	78	46	46	3
19	78	20	9	22
19	78	63	63	25
19	78	20	9	22
8	78	70	70	40
19	78	20	9	22
19	78	20	9	22
75	108	20	9	22
75	108	20	9	22
8	10	68	68	30
8	78	68	68	30
75	108	20	9	59
94	108	20	9	40
19	78	20	9	22
8	16	46	46	40
70	108	54	54	82
75	108	32	3	23
61	108	1	81	3
1	78	4	43	6
89	108	1	81	49
8	78	26	5	3
80	78	45	45	49
73	86	36	36	82
59	78	10	78	3
59	86	39	39	3
70	86	46	46	3
70	108	46	46	82
19	78	46	46	6
70	86	46	46	49
70	78	39	39	49
70	86	46	46	49
70	108	46	46	3
19	78	46	46	6
70	108	10	88	3
59	78	55	27	12
75	78	22	22	3
79	78	48	11	34
89	78	6	31	21
24	78	73	73	21
70	78	33	33	82
79	74	22	22	59
70	78	5	20	49
49	108	72	72	34
24	78	63	63	40
19	16	46	46	25
3	108	63	63	15
19	78	2	97	25
65	11	20	9	51
75	108	20	9	59
8	78	70	70	40
75	108	20	9	3
8	78	68	68	30
75	78	68	68	6
8	108	68	68	30
12	78	51	12	49
43	108	11	25	59
70	108	5	20	49
56	108	51	12	49
34	11	7	53	63
89	78	9	4	63
8	108	29	29	3
8	78	26	5	3
70	108	46	46	3
8	86	29	29	3
19	86	26	5	3
70	108	46	46	3
8	86	26	5	3
70	78	45	45	49
70	86	17	1	90
19	78	28	28	3
19	108	0	21	3
70	108	77	77	3
19	86	77	77	3
70	86	17	1	3
19	108	0	21	3
8	108	46	46	40
8	108	46	46	40
8	108	46	46	40
8	78	46	46	25
8	78	46	46	25
8	78	46	46	25
19	16	46	46	40
8	78	46	46	25
8	86	28	28	25
19	78	17	1	40
8	78	46	46	40
8	86	61	61	40
8	78	61	61	40
19	86	17	1	40
8	86	46	46	40
19	16	46	46	40
19	78	20	9	22
75	78	63	63	25
8	10	70	70	40
94	78	20	9	40
19	108	20	9	59
19	78	20	9	22
75	108	20	9	22
75	108	20	9	22
19	108	20	9	6
8	78	68	68	30
8	78	68	68	30
19	78	3	90	84
8	78	3	90	84
12	78	3	90	84
19	78	0	21	3
70	108	77	77	3
19	86	28	28	3
19	86	17	1	40
70	108	5	20	3
70	108	5	20	3
80	78	31	15	49
70	108	5	20	65
70	108	5	20	82
70	108	31	15	82
49	78	73	73	21
1	78	47	56	82
89	78	15	48	12
79	78	14	34	6
50	78	14	34	6
89	78	15	48	6
59	78	39	39	82
70	108	42	42	3
70	108	26	5	3
70	78	37	37	3
70	86	17	1	90
70	108	0	21	3
59	78	21	10	3
70	78	67	67	3
89	78	39	39	3
70	78	49	49	3
89	11	12	17	6
70	78	12	17	6
85	78	12	17	42
89	108	12	17	65
70	78	12	17	6
38	78	42	42	49
89	86	79	79	6
34	78	9	4	63
50	108	7	91	12
52	108	5	20	49
70	108	46	46	3
70	86	0	21	3
70	86	17	1	3
70	108	77	77	3
19	78	63	63	25
8	11	66	66	6
8	78	66	66	30
8	78	66	66	49
49	78	7	53	49
75	78	1	81	34
79	78	4	43	50
32	108	65	65	6
75	108	15	51	6
89	108	47	56	6
24	78	63	63	25
3	78	63	63	15
24	78	63	63	25
19	78	20	9	22
19	78	20	9	22
19	78	20	9	22
8	78	68	68	6
8	108	70	70	40
19	108	20	9	40
19	78	20	9	40
16	78	68	68	30
8	78	68	68	30
19	78	46	46	3
19	78	37	37	3
19	108	46	46	3
8	78	17	1	40
8	78	28	28	3
52	78	11	25	28
7	108	22	22	56
89	78	9	4	49
70	108	54	54	49
8	78	26	5	3
8	86	21	10	3
8	78	21	10	23
19	78	38	8	40
19	78	38	8	40
19	86	28	28	3
76	78	50	50	23
98	78	54	54	49
73	78	31	15	82
98	108	9	4	49
50	78	54	54	82
50	78	7	53	49
98	78	36	36	3
50	78	54	54	49
78	108	32	3	49
32	78	76	76	6
19	11	46	46	3
70	108	12	17	3
70	11	0	21	3
70	108	17	1	3
24	78	63	63	25
75	78	63	63	15
75	78	63	63	25
8	78	70	70	40
19	78	20	9	22
8	78	70	70	40
19	78	20	9	40
19	78	20	9	22
19	78	20	9	3
8	78	68	68	6
19	78	68	68	6
8	78	68	68	30
19	108	46	46	3
19	78	0	21	3
19	78	46	46	40
19	86	17	1	40
8	108	28	28	25
19	78	20	9	22
50	78	7	91	6
49	78	1	81	34
68	78	35	35	34
12	78	51	12	49
8	78	22	22	3
52	78	34	16	49
89	108	1	81	49
75	108	1	81	34
8	78	63	63	23
8	108	68	68	30
8	78	68	68	30
70	108	77	77	90
70	108	77	77	3
19	78	17	1	90
8	86	17	1	3
8	86	61	61	3
19	86	0	21	3
19	86	0	21	3
70	78	0	21	3
19	78	46	46	3
70	108	53	26	3
19	78	53	26	3
70	78	26	5	3
19	78	26	5	3
70	78	26	5	3
70	108	26	5	3
75	78	0	21	3
73	78	69	69	6
73	78	69	69	6
5	78	18	94	82
73	78	69	69	6
73	78	69	69	6
5	78	18	94	82
70	78	10	88	3
18	108	65	65	6
8	78	29	29	25
19	78	26	5	3
19	78	26	5	3
19	78	17	1	3
19	78	17	1	3
79	78	8	93	6
8	78	40	40	6
19	108	8	18	6
19	78	2	97	6
19	108	8	93	6
22	108	48	11	49
22	108	48	11	34
19	78	46	46	3
19	108	46	46	3
19	108	77	77	3
19	78	46	46	3
19	78	46	46	3
8	86	61	61	3
19	78	78	38	3
19	78	46	46	3
19	78	46	46	3
19	108	46	46	3
19	78	46	46	3
19	108	46	46	3
8	108	61	61	3
19	78	78	38	22
19	78	8	93	6
52	108	8	93	6
89	108	47	56	6
73	78	69	69	6
76	78	6	92	65
59	78	10	88	3
80	78	45	45	49
59	78	10	88	3
80	78	45	45	49
59	78	39	39	82
78	78	25	55	3
98	108	36	36	82
70	108	12	17	6
50	108	14	34	42
50	108	14	34	12
65	108	33	33	6
50	78	14	34	6
89	78	33	33	59
32	108	33	33	65
50	78	7	53	1
16	78	33	33	12
88	108	33	33	6
50	78	7	53	34
52	78	11	25	34
35	78	51	12	49
49	78	51	12	49
12	78	23	47	49
70	78	25	55	3
70	108	5	20	82
70	108	5	20	49
70	108	5	86	82
70	78	67	67	3
59	78	55	27	49
74	78	30	2	65
70	108	54	54	49
19	78	51	12	49
12	78	51	12	49
19	78	63	63	25
79	78	72	72	6
8	108	72	72	40
96	11	72	72	6
34	108	72	72	6
7	108	72	72	56
19	10	48	11	40
70	78	23	47	49
19	78	23	47	3
8	86	29	29	40
19	86	17	1	90
8	78	2	97	25
19	78	27	0	25
19	78	27	0	6
8	78	16	7	49
19	108	16	7	49
8	108	16	7	23
19	78	16	7	3
19	108	16	7	22
70	108	16	7	3
19	78	16	7	22
19	78	16	7	22
70	108	16	7	22
70	78	16	7	22
70	108	17	1	3
19	78	37	37	3
70	78	10	88	3
70	78	23	47	3
75	78	45	45	49
70	78	23	47	3
70	78	35	35	3
59	78	23	85	3
70	108	5	20	3
8	78	2	97	25
19	78	27	0	25
19	78	27	0	6
8	78	16	7	23
8	78	16	7	56
19	78	16	7	3
19	78	16	7	3
19	108	16	7	22
19	78	16	7	3
70	108	17	1	3
8	78	16	7	23
19	78	16	7	3
8	78	16	7	40
70	78	16	7	22
19	78	37	37	3
70	108	26	5	25
24	78	3	30	90
70	108	26	5	25
19	86	17	1	3
70	108	78	38	22
80	108	78	38	90
70	78	30	2	22
19	108	77	77	3
19	86	17	1	3
70	78	53	26	3
70	108	39	39	3
70	78	10	78	3
70	78	10	88	3
56	78	51	12	48
8	78	46	46	40
19	78	0	21	3
8	11	46	46	25
19	78	46	46	40
19	78	46	46	40
19	78	46	46	23
19	78	46	46	23
8	78	46	46	40
70	78	0	21	3
8	16	46	46	25
19	78	46	46	40
19	78	46	46	40
19	78	46	46	23
19	78	46	46	23
8	86	17	1	40
19	11	0	21	3
8	16	46	46	40
8	78	17	1	40
8	78	63	63	25
8	108	70	70	40
8	108	68	68	30
8	78	68	68	30
8	108	68	68	30
19	78	20	9	22
19	78	20	9	22
8	78	68	68	30
19	11	20	9	30
8	78	68	68	6
75	11	20	9	6
75	11	20	9	6
75	11	20	9	22
8	11	20	9	22
75	11	20	9	22
19	78	20	9	50
22	78	48	11	34
8	108	48	11	40
8	108	48	11	56
19	78	46	46	40
19	16	37	37	3
19	11	46	46	3
19	78	46	46	40
19	78	37	37	3
19	78	46	46	3
8	86	17	1	40
19	78	46	46	40
19	78	63	63	25
16	108	68	68	6
8	108	68	68	30
22	108	48	11	56
22	78	48	11	22
7	78	48	11	56
8	78	46	46	40
19	78	37	37	3
19	78	46	46	3
86	108	56	6	6
34	108	56	6	63
34	108	56	6	63
34	108	56	6	57
34	108	56	6	57
50	108	14	34	82
19	108	22	22	3
22	78	34	16	34
52	11	4	43	25
19	86	29	29	90
19	86	29	29	90
70	86	29	29	90
70	86	29	29	90
59	78	0	21	3
19	86	28	28	3
19	86	28	28	3
70	86	38	8	6
70	86	38	8	6
70	86	38	8	6
19	86	38	8	3
19	86	38	8	3
19	86	38	8	3
70	86	38	8	6
70	86	38	8	6
70	86	38	8	6
19	86	38	8	3
19	86	38	8	3
19	86	38	8	3
70	86	38	8	6
70	86	38	8	6
70	86	38	8	6
76	78	6	92	65
59	78	23	85	3
89	78	34	16	82
50	78	7	53	34
19	78	51	12	6
27	78	15	48	6
19	86	26	5	3
19	86	26	5	3
19	86	17	1	3
19	78	17	1	3
19	86	46	46	3
19	78	46	46	3
19	78	78	38	3
8	86	61	61	3
70	86	17	1	3
19	108	77	77	3
79	78	8	93	6
8	78	40	40	6
19	11	8	18	6
19	78	2	97	6
19	108	8	93	6
22	108	48	11	49
22	108	48	11	34
19	78	46	46	3
19	78	46	46	3
19	78	78	38	22
8	108	61	61	3
19	86	46	46	3
19	108	46	46	3
19	78	46	46	3
19	108	46	46	3
52	78	8	93	6
19	78	8	93	6
19	78	46	46	3
19	78	46	46	3
70	108	31	15	49
70	78	79	79	49
70	78	22	22	1
70	108	54	54	49
76	78	6	92	65
89	78	33	33	34
61	78	23	47	3
96	78	23	47	34
75	78	39	39	34
22	78	34	16	34
89	108	48	11	34
75	78	48	11	34
75	108	48	11	34
8	78	66	66	40
75	11	66	66	20
19	11	66	66	3
8	78	66	66	40
8	78	66	66	40
52	78	66	66	6
19	11	66	66	3
19	78	66	66	30
70	86	77	77	3
8	78	29	29	3
70	78	17	1	3
19	86	37	37	25
19	11	2	97	6
19	108	2	97	6
19	86	26	5	3
19	86	0	21	3
70	108	17	1	3
70	78	28	28	3
70	78	0	21	3
59	78	25	55	3
70	108	10	88	3
70	108	45	45	90
70	78	71	71	82
98	86	36	36	22
59	108	49	49	22
65	108	70	70	51
8	108	70	70	51
8	108	70	70	30
8	108	70	70	30
0	78	68	68	30
19	78	68	68	30
24	78	63	63	49
24	78	63	63	49
59	78	10	78	3
59	78	25	55	3
70	78	71	71	82
59	78	25	99	49
59	78	10	78	3
59	78	25	55	3
70	78	71	71	82
59	78	25	99	49
8	78	21	10	25
19	78	21	10	3
19	108	21	10	3
19	78	21	10	3
19	78	21	10	3
19	78	21	10	3
19	108	21	10	3
19	78	21	10	3
19	78	21	10	3
19	78	21	10	3
8	78	40	40	6
61	78	73	73	22
80	78	50	50	49
70	78	31	15	3
70	108	31	15	82
96	78	45	45	49
70	108	25	55	3
8	78	2	82	6
32	78	2	82	3
19	108	2	82	6
70	108	31	15	3
70	108	31	15	3
61	78	45	45	49
70	108	31	15	49
59	108	31	15	49
59	78	10	78	3
70	108	42	42	82
70	78	67	67	65
70	78	71	71	82
59	78	25	55	3
75	78	22	22	49
19	108	53	26	25
70	78	23	85	3
70	108	54	54	3
80	78	30	2	82
19	78	22	22	50
19	78	22	22	50
19	78	22	22	50
19	78	22	22	50
52	78	4	32	6
8	86	29	29	90
70	86	17	1	3
19	86	28	28	3
19	78	46	46	3
19	78	38	8	3
70	78	38	8	3
70	78	38	8	3
8	78	38	8	40
8	78	38	8	40
8	78	38	8	40
19	78	38	8	3
8	78	38	8	22
8	78	38	8	40
19	78	38	8	40
8	78	38	8	40
8	78	38	8	40
8	78	38	8	40
8	78	38	8	40
8	78	38	8	40
75	78	16	7	49
59	78	23	85	3
70	78	39	39	3
70	108	5	86	3
48	108	76	76	49
70	108	5	20	49
70	78	36	36	3
70	108	49	49	3
70	108	32	3	3
79	108	14	96	6
59	78	23	85	3
70	78	25	55	3
59	78	23	85	3
70	78	25	55	3
89	78	39	39	49
73	78	71	71	3
18	78	76	76	49
70	78	67	67	49
70	78	36	36	22
70	108	49	49	3
70	78	32	3	6
52	108	66	66	49
79	108	14	96	6
19	101	26	5	3
70	78	45	45	49
34	78	54	54	6
89	78	79	79	49
34	78	54	54	49
50	108	54	54	63
98	78	79	79	6
70	78	45	45	3
70	78	25	55	3
70	108	5	86	3
89	78	79	79	49
18	78	22	22	50
19	86	77	77	90
19	86	17	1	3
8	86	28	28	3
19	78	28	28	3
70	108	77	77	3
8	78	21	10	3
80	86	78	38	90
19	86	61	61	90
24	78	3	30	34
24	78	63	63	3
8	78	46	46	25
61	108	48	11	34
8	86	29	29	3
8	86	29	29	3
8	86	29	29	3
59	78	0	21	49
19	86	28	28	3
8	86	28	28	3
8	78	68	68	30
8	78	70	70	40
75	78	22	22	27
8	10	0	80	40
86	108	34	16	6
65	108	70	70	51
76	78	3	90	23
75	78	22	22	50
12	78	51	12	49
24	78	63	63	49
65	108	70	70	51
0	78	68	68	30
8	108	70	70	30
79	108	4	43	6
52	11	11	41	6
52	11	11	41	28
79	108	4	32	30
19	78	22	22	3
38	78	4	43	82
50	108	4	43	6
52	11	4	43	25
61	78	22	22	28
96	78	35	35	49
70	78	23	85	3
70	108	79	79	49
59	78	5	84	49
50	78	7	53	49
43	108	18	13	49
98	108	36	36	22
32	11	76	76	6
50	108	79	79	22
34	108	36	36	48
89	108	12	17	6
96	11	35	35	28
19	108	21	10	3
34	78	54	54	6
34	108	54	54	49
50	108	54	54	59
50	108	54	54	49
76	78	50	50	65
74	11	33	33	65
50	78	47	56	65
78	78	32	3	22
50	78	35	35	42
50	86	14	34	72
89	11	1	23	6
24	78	3	30	49
8	86	29	29	40
8	86	29	29	40
19	86	17	1	90
19	86	17	1	90
8	86	28	28	3
8	86	28	28	3
19	108	77	77	3
70	108	77	77	3
24	78	3	30	49
8	86	29	29	40
8	86	29	29	40
8	86	17	1	40
8	86	17	1	40
8	78	28	28	3
8	78	28	28	3
19	78	77	77	3
70	108	77	77	3
8	86	38	8	40
19	108	46	46	3
19	86	46	46	3
19	78	46	46	22
19	78	46	46	3
70	78	17	1	3
19	78	0	21	3
19	108	28	28	3
19	86	46	46	3
19	86	0	21	3
19	78	38	8	40
8	11	48	11	40
19	78	63	63	25
65	108	70	70	51
19	11	20	9	84
75	78	20	9	59
59	78	23	85	3
70	78	67	67	3
70	78	71	71	82
89	78	25	55	49
70	78	45	45	49
50	108	54	54	49
75	108	32	3	34
8	11	2	97	40
89	78	2	82	6
89	78	2	82	6
89	78	2	82	6
8	78	2	97	40
19	108	2	97	40
5	78	2	82	49
75	78	2	82	49
19	78	26	5	3
70	78	17	1	3
79	78	8	93	6
19	11	8	18	6
19	78	2	97	6
19	86	26	5	3
19	78	46	46	3
19	86	46	46	3
70	108	17	1	3
89	108	34	16	49
19	78	26	5	3
19	78	46	46	3
19	86	46	46	3
19	108	77	77	3
75	108	46	46	3
8	86	61	61	3
80	78	78	38	22
50	78	50	50	65
22	78	51	12	49
52	78	51	12	49
12	78	51	12	49
80	78	35	35	82
52	78	4	32	6
89	11	11	25	6
19	86	17	1	3
19	86	26	5	3
24	78	63	63	49
19	86	77	77	90
19	86	17	1	3
70	108	77	77	3
8	86	28	28	3
8	78	28	28	3
80	86	78	38	90
19	86	61	61	3
19	86	29	29	90
19	86	29	29	90
70	86	77	77	90
19	108	26	5	3
70	78	17	1	90
19	86	17	1	3
19	78	46	46	90
70	108	0	21	3
19	78	36	36	4
19	11	11	41	6
1	44	47	56	82
19	108	0	21	3
8	86	0	21	40
70	86	38	8	3
70	108	53	26	3
19	78	28	28	3
98	78	36	36	6
75	78	30	2	6
94	108	30	2	59
34	78	54	54	49
78	86	10	78	3
59	78	10	78	3
70	78	67	67	3
70	78	25	55	3
80	108	45	45	90
7	78	51	12	49
86	78	51	12	28
89	108	79	79	49
16	78	22	22	1
19	78	63	63	25
8	78	46	46	3
19	78	21	10	3
19	78	46	46	3
8	78	28	28	25
19	78	17	1	40
8	86	61	61	25
19	86	17	1	40
8	78	29	29	40
19	78	66	66	3
19	78	8	18	3
19	78	21	10	3
19	78	2	97	6
70	78	23	85	3
70	78	5	86	49
70	78	45	45	49
70	78	5	86	3
59	78	25	55	3
79	108	58	58	49
50	108	58	58	49
98	78	58	58	49
70	108	58	58	49
70	78	58	58	49
70	78	67	67	6
78	108	32	3	3
70	78	54	54	49
70	108	58	58	49
73	78	39	39	82
70	78	5	20	6
49	108	11	25	22
56	78	51	12	49
52	78	51	12	49
52	78	51	12	49
49	78	51	12	49
70	108	0	21	3
70	108	0	21	3
19	86	17	1	90
70	108	53	26	6
70	78	0	21	90
19	86	17	1	90
70	108	53	26	6
70	78	0	21	90
70	74	32	3	3
70	78	67	67	82
70	108	32	3	3
78	86	32	3	22
78	108	13	98	6
99	78	40	40	6
19	78	46	46	3
19	78	21	10	3
70	78	45	45	49
8	86	37	37	25
19	78	63	63	25
19	86	26	5	3
49	78	78	38	3
8	11	29	29	3
19	78	38	8	3
70	108	17	1	3
19	108	37	37	3
8	86	28	28	3
52	78	27	0	6
19	11	52	52	6
19	78	40	40	6
19	78	48	11	6
70	108	77	77	3
19	78	63	63	56
8	78	16	7	40
19	86	26	5	3
8	86	37	37	25
19	86	26	5	3
49	78	78	38	3
19	108	38	8	3
70	108	17	1	3
19	108	37	37	3
48	108	52	52	6
21	78	40	40	6
19	78	48	11	6
70	108	77	77	3
19	78	16	7	40
99	11	1	23	49
99	78	1	23	6
70	108	23	85	3
70	78	67	67	49
70	78	39	39	49
59	78	5	20	12
78	78	32	3	49
70	78	71	71	3
59	78	23	85	3
70	108	45	45	90
70	78	67	67	3
59	78	39	39	3
12	78	51	12	28
12	78	51	12	49
12	78	51	12	49
12	78	5	84	49
70	108	5	20	3
70	78	23	85	3
59	78	25	55	3
89	86	29	29	49
80	78	31	15	49
70	78	67	67	49
96	78	72	72	49
22	78	48	11	49
70	108	10	88	3
80	78	45	45	90
78	86	32	3	22
73	78	71	71	82
8	11	66	66	3
52	78	48	11	6
79	108	14	96	6
49	78	3	90	21
19	108	53	26	3
19	78	53	26	3
19	108	53	26	3
19	78	53	26	3
19	108	53	26	40
19	108	53	26	40
19	108	28	28	25
70	108	0	21	3
52	78	34	16	34
59	78	23	85	3
59	78	39	39	3
59	78	25	55	3
19	78	23	47	3
76	78	73	73	22
70	78	23	47	22
70	78	35	35	49
49	108	35	35	49
70	78	35	35	3
70	108	35	35	49
70	78	35	35	49
70	108	35	35	22
96	108	51	12	49
70	108	35	35	22
19	78	62	14	49
8	78	2	97	40
8	78	21	10	3
70	78	26	5	3
8	108	21	10	3
7	108	66	66	6
24	78	3	30	49
49	108	35	35	49
19	108	40	40	6
96	11	4	43	6
32	11	62	14	6
73	78	4	32	25
25	78	40	40	6
59	108	23	85	3
19	108	26	5	25
8	78	46	46	23
8	86	17	1	40
8	86	28	28	3
19	11	77	77	40
19	108	51	12	3
19	78	5	86	49
59	78	23	85	3
70	108	12	17	49
78	108	32	3	3
89	108	79	79	6
96	78	11	25	49
49	78	3	30	49
19	78	53	26	3
8	86	26	5	3
19	78	17	1	3
19	86	37	37	3
70	108	38	8	3
12	78	1	81	6
12	78	23	85	49
70	78	5	20	49
12	78	5	84	49
70	78	45	45	49
70	78	25	55	3
8	11	66	66	23
8	11	66	66	40
19	11	66	66	22
8	10	46	46	40
8	11	66	66	22
8	11	66	66	22
8	78	66	66	22
8	11	66	66	30
8	86	46	46	40
8	78	46	46	3
70	108	69	69	6
70	78	38	8	22
70	11	38	8	49
50	78	14	34	82
8	16	28	28	3
8	16	28	28	3
8	86	28	28	3
19	16	28	28	3
19	86	28	28	3
8	86	28	28	3
19	86	28	28	3
8	78	0	21	3
8	78	0	21	3
70	78	31	15	3
70	108	77	77	3
19	86	28	28	3
19	86	28	28	3
19	86	28	28	3
19	86	28	28	3
19	78	28	28	3
19	86	28	28	3
19	78	28	28	3
19	86	28	28	3
19	86	28	28	3
19	86	28	28	3
19	86	28	28	3
19	86	28	28	3
19	108	0	21	3
70	78	13	98	3
8	78	0	21	3
38	78	22	22	50
3	78	63	63	25
75	78	20	9	3
8	78	70	70	30
8	78	70	70	51
19	86	28	28	3
8	78	0	21	3
70	78	13	98	49
19	86	0	21	3
8	78	0	21	3
38	78	22	22	50
3	78	63	63	25
8	78	70	70	30
8	78	70	70	51
75	78	20	9	1
3	78	63	63	25
19	78	65	65	6
32	78	65	65	6
19	108	26	5	3
8	108	29	29	22
8	78	37	37	3
19	78	26	5	3
19	78	0	21	3
19	78	2	82	3
19	78	2	82	3
8	78	2	82	6
19	78	2	82	6
19	78	2	82	6
32	78	2	82	6
19	78	2	82	26
19	78	2	82	22
70	78	53	26	82
80	78	18	94	82
5	78	18	94	25
59	78	10	78	3
75	78	45	45	49
59	78	25	55	49
73	78	71	71	82
70	78	67	67	49
70	78	32	3	3
19	108	22	22	28
48	78	76	76	49
70	86	17	1	40
52	78	11	25	28
12	78	3	90	49
70	108	10	88	3
78	86	32	3	3
70	78	42	42	3
70	86	49	49	3
70	78	45	45	3
73	78	42	42	27
80	108	36	36	90
70	108	36	36	22
70	108	36	36	90
70	78	12	17	3
70	108	5	20	82
70	78	45	45	49
19	108	58	58	49
96	108	58	58	49
96	108	58	58	49
8	78	58	58	22
19	108	58	58	22
19	108	58	58	22
70	86	42	42	3
70	78	42	42	49
78	86	32	3	3
70	86	49	49	3
70	78	45	45	3
73	78	42	42	27
80	108	36	36	90
70	108	36	36	22
70	108	36	36	90
70	78	12	17	3
19	78	53	26	3
49	78	3	90	21
19	78	66	66	56
8	78	66	66	40
52	78	66	66	6
19	108	53	26	3
8	86	29	29	40
19	86	46	46	3
70	108	46	46	3
19	108	66	66	6
70	108	10	88	3
80	78	45	45	90
78	78	32	3	22
70	78	71	71	3
19	86	28	28	25
12	78	3	90	84
8	86	28	28	23
19	86	28	28	23
8	86	28	28	23
8	86	28	28	23
8	86	28	28	3
19	11	28	28	3
8	78	28	28	3
8	78	28	28	3
19	86	0	21	3
19	78	0	21	3
19	78	46	46	40
8	86	17	1	40
19	78	17	1	3
8	86	28	28	23
8	78	16	7	3
19	78	16	7	3
19	78	16	7	3
8	78	16	7	3
8	78	20	9	23
12	78	20	9	56
12	78	1	81	6
50	108	34	16	49
86	78	34	16	49
12	78	3	90	84
8	86	26	5	3
70	86	77	77	3
19	78	0	21	30
12	78	51	12	56
89	78	79	79	49
89	78	79	79	49
7	78	51	12	49
24	78	22	22	1
48	78	4	43	6
79	11	4	43	6
21	78	4	43	6
99	78	34	16	34
24	78	22	22	21
75	108	13	62	1
79	108	13	62	6
78	78	13	98	65
70	108	13	98	82
80	11	31	15	27
80	78	0	80	3
21	78	36	36	3
94	78	57	57	59
59	78	23	85	3
70	78	79	79	49
70	78	25	55	3
70	78	23	47	3
70	78	79	79	49
70	108	5	20	49
19	78	25	99	3
70	78	79	79	49
59	78	5	20	3
70	108	31	15	3
24	78	50	50	65
70	78	30	2	49
70	78	30	2	6
70	108	5	20	82
70	78	50	50	82
22	78	34	16	49
99	78	34	16	49
22	78	34	16	49
22	78	34	16	49
19	78	40	40	6
19	78	40	40	49
99	78	40	40	49
19	78	40	40	3
8	78	40	40	49
70	78	23	85	3
59	78	25	55	3
8	78	22	22	56
52	78	25	99	49
70	78	67	67	49
73	78	71	71	82
70	78	10	78	3
48	78	76	76	49
98	108	36	36	22
51	78	4	43	50
24	78	3	30	49
25	78	40	40	6
48	11	76	76	6
73	78	76	76	6
59	78	25	55	3
70	78	23	85	3
19	108	22	22	56
52	78	25	99	49
70	78	67	67	49
48	78	76	76	49
25	78	40	40	6
48	11	76	76	6
98	108	36	36	22
51	11	4	43	50
24	78	3	30	49
24	78	22	22	21
75	108	13	62	1
79	108	13	62	6
78	78	13	98	65
70	108	13	98	82
80	11	31	15	27
80	78	0	80	3
21	78	36	36	3
94	78	57	57	59
8	78	21	10	22
19	78	21	10	3
75	78	22	22	3
70	78	19	19	22
32	78	1	23	6
8	78	2	97	40
8	78	2	97	40
19	86	26	5	3
70	78	71	71	82
78	86	32	3	22
19	86	29	29	3
19	108	28	28	3
8	78	3	90	84
24	78	3	30	65
94	78	57	57	50
94	78	57	57	50
94	78	57	57	50
8	78	70	70	40
94	78	57	57	50
94	78	57	57	50
94	78	57	57	50
8	78	70	70	3
94	78	57	57	59
94	78	57	57	59
94	78	57	57	59
94	78	3	30	59
65	78	70	70	51
19	108	70	70	22
65	78	70	70	51
19	108	70	70	22
65	78	70	70	51
8	78	70	70	22
75	78	20	9	59
98	78	79	79	49
12	78	51	12	49
12	78	51	12	49
49	108	51	12	49
96	78	51	12	56
49	108	51	12	49
96	78	51	12	49
96	78	51	12	49
75	78	22	22	1
48	78	35	35	6
1	78	18	94	82
1	78	18	94	82
73	78	47	56	49
59	108	5	20	59
75	78	63	63	25
3	78	63	63	50
19	78	63	63	25
75	78	44	89	34
75	78	27	0	25
19	78	27	0	25
75	108	27	0	3
8	78	21	10	3
19	86	28	28	3
70	108	26	5	3
59	86	17	1	3
76	78	73	73	82
61	78	73	73	49
61	78	73	73	59
75	78	73	73	49
8	86	29	29	3
70	108	77	77	82
70	108	17	1	3
70	108	77	77	3
19	108	28	28	27
70	86	17	1	3
8	86	61	61	3
70	78	36	36	3
70	86	0	21	90
19	78	78	38	40
75	11	27	0	6
8	78	29	29	25
8	78	17	1	40
8	78	29	29	25
8	86	17	1	40
24	78	63	63	25
75	78	63	63	25
75	78	63	63	25
19	78	63	63	25
19	108	37	37	25
19	108	8	18	40
19	78	8	18	40
8	78	2	97	40
19	78	16	7	40
8	86	28	28	25
19	78	77	77	40
70	78	42	42	3
70	78	42	42	3
89	78	79	79	49
70	78	25	55	49
70	78	25	55	22
98	78	49	49	49
89	78	79	79	22
76	78	50	50	65
70	78	42	42	3
89	78	79	79	49
70	78	25	55	49
70	78	25	55	22
29	78	49	49	49
89	78	79	79	22
70	78	67	67	49
70	78	42	42	3
19	78	25	55	49
70	78	25	55	3
29	78	49	49	3
98	78	79	79	22
70	78	79	79	49
96	78	15	48	6
76	78	50	50	65
70	78	67	67	3
8	78	29	29	25
89	78	5	84	6
79	78	39	39	3
70	78	25	55	3
70	108	23	85	3
70	78	67	67	49
73	78	71	71	82
70	11	54	54	49
19	78	51	12	49
70	78	18	13	49
19	78	22	22	56
32	78	62	14	6
32	78	18	13	49
70	78	39	39	3
70	78	18	13	3
52	78	4	32	6
48	78	52	52	6
32	78	62	14	6
70	78	18	13	49
52	78	4	32	6
43	108	52	52	6
43	108	52	52	6
43	78	52	52	49
48	108	52	52	6
12	108	18	13	22
49	78	18	13	6
89	78	79	79	49
19	86	26	5	3
8	86	38	8	40
19	86	17	1	3
19	86	37	37	3
19	11	2	97	6
52	78	4	32	6
19	78	62	14	6
49	78	62	14	49
19	78	62	14	6
89	78	62	14	6
19	78	62	14	23
89	78	62	14	49
70	108	77	77	90
70	86	26	5	3
19	78	37	37	3
19	78	28	28	3
70	78	17	1	22
19	78	66	66	6
8	78	66	66	6
19	108	66	66	25
8	108	66	66	25
19	108	40	40	22
19	108	40	40	3
76	78	3	90	23
7	108	51	12	49
75	108	62	14	6
21	108	62	14	6
8	86	29	29	25
8	86	29	29	40
24	78	63	63	25
12	78	3	90	22
8	78	17	1	22
8	108	16	7	40
8	108	16	7	40
59	78	25	55	3
59	78	23	85	3
70	78	67	67	49
70	108	45	45	49
8	78	38	8	40
8	86	38	8	3
19	78	38	8	3
19	78	38	8	3
70	78	38	8	3
19	78	0	21	3
19	78	0	21	49
8	78	0	21	3
8	78	0	21	3
70	78	37	37	3
49	78	35	35	3
49	108	35	35	49
70	78	35	35	3
80	78	35	35	3
70	78	23	47	3
49	78	20	9	22
96	78	20	9	22
32	78	1	23	49
99	78	1	23	49
32	78	1	23	49
32	78	1	23	49
76	78	50	50	65
19	86	26	5	3
70	108	17	1	3
19	86	26	5	3
70	108	77	77	3
70	108	17	1	3
19	108	17	1	40
19	78	46	46	3
80	78	46	46	3
19	78	78	38	22
70	86	17	1	3
19	108	61	61	3
19	78	21	10	3
19	78	46	46	40
75	78	8	93	6
19	11	8	18	6
22	78	48	11	28
8	78	2	97	56
19	78	8	93	6
8	78	78	38	25
8	78	78	38	25
8	78	29	29	40
8	86	17	1	40
70	78	42	42	49
70	108	12	17	49
70	78	31	15	82
32	108	76	76	6
19	86	37	37	25
19	86	37	37	25
75	78	63	63	25
19	78	63	63	25
75	78	63	63	25
19	78	63	63	25
8	78	78	38	25
19	78	37	37	25
8	78	16	7	25
19	11	8	18	40
8	78	2	97	40
8	78	17	1	40
19	78	8	18	40
1	78	47	56	82
70	108	32	3	82
59	78	55	27	49
73	78	47	95	82
70	78	47	95	82
70	108	5	86	3
52	78	21	10	3
52	78	21	10	3
70	86	77	77	3
70	108	49	49	3
70	108	49	49	3
70	78	23	47	3
89	78	12	17	28
5	78	18	94	25
21	108	18	94	3
98	108	79	79	49
70	78	53	26	82
32	78	40	40	6
25	78	40	40	6
18	78	76	76	6
50	78	11	41	6
24	78	73	73	49
96	78	44	89	49
88	11	34	16	49
88	108	34	16	49
19	78	29	29	40
8	86	38	8	3
19	86	26	5	3
70	108	37	37	3
8	78	17	1	3
19	78	21	10	3
8	78	28	28	3
19	11	65	65	50
19	108	38	8	3
8	86	26	5	3
19	78	46	46	40
19	86	0	21	3
19	11	66	66	40
8	78	29	29	40
19	86	0	21	3
19	108	65	65	6
19	108	2	97	40
1	78	47	56	82
70	108	32	3	82
59	78	55	27	49
73	78	47	95	82
70	78	47	95	82
70	108	5	86	3
19	78	21	10	3
19	78	21	10	3
70	86	77	77	3
70	108	49	49	3
70	108	49	49	3
1	78	47	56	82
59	78	55	27	49
70	108	32	3	82
73	78	47	95	82
70	78	47	95	82
70	108	5	86	3
52	78	21	10	3
52	78	21	10	3
70	108	47	56	82
70	108	49	49	3
70	108	49	49	3
19	78	2	82	3
19	78	2	82	49
19	78	62	14	6
19	78	2	82	3
19	78	2	82	30
8	86	29	29	3
19	86	37	37	3
70	86	17	1	3
99	78	48	11	34
76	78	6	31	21
21	78	4	43	6
70	108	54	54	49
19	78	28	28	3
19	78	63	63	25
8	78	16	7	40
19	78	3	90	22
19	78	63	63	25
8	78	16	7	40
99	108	72	72	49
19	78	3	90	22
48	108	52	52	6
48	78	52	52	22
48	78	52	52	22
48	11	52	52	6
89	108	72	72	49
8	78	2	97	56
59	78	23	85	3
70	78	25	55	3
79	78	52	52	6
79	78	52	52	49
79	78	52	52	6
43	78	52	52	22
43	78	52	52	22
79	78	52	52	49
32	78	52	52	6
70	78	5	84	3
96	108	5	84	49
70	78	5	86	3
70	78	5	84	49
70	78	5	20	3
70	78	32	3	3
70	78	5	84	82
70	78	5	84	49
70	78	36	36	3
70	78	5	84	49
89	78	18	94	82
75	78	5	84	49
89	78	79	79	49
8	78	2	82	6
70	108	38	8	40
70	108	38	8	40
75	78	30	2	59
34	78	72	72	6
70	108	42	42	6
70	78	42	42	22
70	108	14	34	6
96	78	3	90	49
96	78	3	90	3
19	11	26	5	3
8	78	21	10	3
70	86	17	1	3
8	78	28	28	3
70	86	77	77	3
70	86	77	77	3
8	86	29	29	3
19	78	46	46	3
70	108	17	1	3
19	86	26	5	3
19	86	37	37	3
48	108	52	52	6
8	78	2	97	40
19	78	17	1	3
70	108	53	26	3
73	78	71	71	82
70	86	17	1	3
8	78	38	8	40
70	108	38	8	49
48	78	52	52	50
65	108	11	25	51
96	108	11	25	6
96	108	11	25	6
76	78	73	73	21
43	108	52	52	6
48	108	65	65	6
7	78	51	12	49
80	11	53	26	28
32	108	65	65	28
19	78	65	65	49
70	78	31	15	90
59	108	49	49	3
70	78	79	79	3
7	11	40	40	48
98	78	47	56	82
18	78	76	76	6
50	78	60	60	12
70	108	32	3	49
89	78	14	34	64
36	78	60	60	50
29	78	49	49	65
73	78	18	94	82
10	86	18	94	82
99	108	40	40	6
24	78	22	22	28
49	78	35	35	49
12	108	52	52	49
99	11	4	32	6
32	78	40	40	6
98	78	79	79	22
59	78	55	27	59
59	78	55	27	49
12	78	48	11	56
49	78	3	90	22
22	78	48	11	56
19	78	3	90	28
35	78	51	12	49
35	78	51	12	49
61	78	48	11	34
8	78	16	7	23
8	78	16	7	40
70	78	25	55	49
70	78	23	47	3
8	78	21	10	3
89	78	1	81	49
79	108	33	33	6
70	78	67	67	3
59	108	25	55	3
70	108	12	17	49
94	78	65	65	59
70	108	31	15	3
79	108	2	82	6
8	78	29	29	25
19	78	21	10	40
19	86	17	1	40
8	78	21	10	40
19	86	37	37	25
19	78	37	37	25
8	86	28	28	25
8	108	29	29	40
19	78	8	93	6
75	78	8	93	6
52	108	8	93	6
19	78	8	93	6
8	78	2	97	25
8	78	2	97	40
19	78	2	97	40
19	78	2	97	22
86	78	48	11	34
76	78	50	50	65
79	108	30	2	65
59	108	5	86	82
59	78	55	27	49
70	78	67	67	65
70	108	49	49	22
70	108	36	36	22
59	108	32	3	3
59	78	10	78	3
89	39	9	4	49
19	39	9	4	49
70	78	67	67	49
73	78	71	71	3
70	108	31	15	3
78	108	32	3	22
98	108	54	54	49
59	78	25	99	3
76	78	50	50	65
59	78	10	78	3
89	78	42	42	49
19	86	9	4	49
70	78	67	67	49
73	78	71	71	82
70	108	31	15	3
78	78	32	3	6
70	78	54	54	3
59	78	25	99	3
76	78	50	50	65
3	78	63	63	25
19	78	48	11	56
8	11	66	66	30
19	11	66	66	30
19	108	66	66	3
99	78	72	72	6
19	108	72	72	6
7	108	72	72	6
19	11	79	79	49
12	108	79	79	49
70	86	42	42	49
70	108	13	98	65
80	108	11	25	82
94	78	33	33	59
76	78	6	92	65
8	10	29	29	40
73	78	18	94	27
19	11	26	5	3
19	10	2	97	40
8	86	17	1	3
75	11	0	21	3
19	86	37	37	3
19	86	38	8	3
19	78	63	63	4
3	78	63	63	25
75	78	30	2	59
19	11	20	9	59
94	78	57	57	59
19	78	63	63	56
32	78	20	9	65
94	78	57	57	6
75	78	30	2	65
19	78	27	0	25
52	78	4	32	6
34	78	34	16	49
89	78	34	16	49
70	108	77	77	3
70	86	17	1	3
19	78	4	32	6
19	11	2	97	6
19	108	2	97	40
19	11	2	97	6
19	11	2	97	6
19	78	22	22	3
70	78	67	67	3
70	108	5	86	3
8	78	16	7	40
8	78	16	7	40
8	86	17	1	3
19	11	37	37	3
8	78	21	10	3
70	78	5	86	3
70	78	21	10	3
19	11	2	97	40
8	86	26	5	3
19	108	77	77	3
8	78	21	10	40
19	78	28	28	3
19	10	38	8	40
70	78	12	17	49
19	86	17	1	3
59	108	26	5	3
70	78	50	50	82
70	108	26	5	3
70	78	50	50	82
70	108	12	17	6
70	108	12	44	49
70	108	12	44	49
89	108	12	44	49
70	108	12	44	49
70	108	12	44	49
70	11	12	17	49
70	86	17	1	3
70	108	37	37	3
70	108	0	21	3
19	11	65	65	6
76	78	3	90	21
70	108	53	26	3
52	108	11	41	6
18	108	65	65	6
18	78	65	65	6
19	78	63	63	25
8	78	66	66	25
8	78	66	66	25
8	78	66	66	25
19	78	66	66	25
75	108	8	93	6
76	78	50	50	82
49	108	48	11	6
70	108	12	17	6
76	78	73	73	23
19	78	77	77	3
76	78	6	31	21
49	78	73	73	49
49	78	73	73	21
70	78	5	86	49
70	78	23	47	3
70	78	5	86	3
70	78	5	86	49
59	78	5	86	49
70	78	5	84	49
70	78	5	86	49
70	108	5	86	49
70	78	55	27	3
59	78	25	99	49
70	78	55	27	49
70	108	32	3	3
70	108	5	20	3
70	78	5	20	49
70	78	23	85	3
70	108	5	20	22
70	78	5	86	49
70	78	23	47	3
70	78	5	86	3
70	78	5	86	49
59	78	5	86	49
70	78	5	84	49
70	78	5	86	49
70	108	5	86	49
70	78	55	27	3
59	78	25	99	3
70	78	55	27	49
70	108	32	3	3
70	108	5	20	3
70	78	5	20	49
70	78	23	85	3
73	108	5	20	22
49	78	50	50	82
49	78	50	50	82
79	78	30	2	59
94	78	30	2	59
70	78	30	2	82
70	78	30	2	65
70	78	5	86	3
70	78	5	20	49
70	108	5	20	49
70	78	5	86	49
80	78	5	86	3
70	78	23	47	3
70	78	55	27	3
70	78	55	27	49
70	108	32	3	3
70	78	5	20	22
70	78	49	49	49
24	78	30	2	82
70	78	31	15	3
80	78	25	99	3
80	78	31	15	82
70	86	10	88	3
26	78	3	30	65
96	78	34	16	6
70	78	31	15	3
70	78	10	88	3
70	78	3	30	65
26	78	3	30	59
24	78	3	30	65
19	78	37	37	3
19	108	77	77	3
19	78	29	29	3
19	78	17	1	3
19	78	37	37	3
19	108	77	77	3
19	78	29	29	3
19	78	17	1	3
8	86	26	5	3
19	86	37	37	3
70	108	17	1	3
8	78	2	82	3
19	78	2	82	25
19	78	2	82	3
19	78	2	82	3
19	78	2	82	40
8	78	2	82	40
96	108	23	47	49
75	78	63	63	3
96	11	48	11	84
49	78	3	90	84
76	78	73	73	4
79	11	33	33	6
88	108	33	33	44
88	108	33	33	44
88	108	33	33	44
88	78	33	33	44
0	78	33	33	30
96	108	58	58	49
96	108	20	9	22
94	78	30	2	50
76	78	22	22	3
8	10	2	97	40
8	78	2	97	40
70	78	38	8	40
19	86	26	5	3
19	78	22	22	3
8	78	78	38	25
19	78	53	26	3
19	86	37	37	3
19	10	53	26	3
19	10	53	26	3
70	86	29	29	3
19	86	29	29	3
19	78	27	0	25
19	78	8	18	22
52	11	4	32	50
52	78	4	32	50
19	78	4	32	6
19	78	62	14	6
99	78	62	14	6
52	78	15	51	6
19	78	0	80	3
52	78	18	13	49
89	78	48	11	49
19	108	48	11	30
24	78	3	90	49
32	11	4	43	6
49	108	48	11	6
96	108	72	72	6
96	108	48	11	6
75	108	48	11	49
22	78	72	72	6
75	108	48	11	49
32	108	48	11	49
32	11	4	43	6
34	78	72	72	49
89	108	72	72	6
19	78	22	22	3
70	108	37	37	3
70	78	54	54	6
70	78	17	1	3
50	78	7	53	47
19	78	40	40	6
32	11	1	23	6
50	11	11	41	6
70	108	23	85	3
59	11	39	39	3
70	78	25	55	3
70	78	31	15	82
73	78	10	78	3
20	78	0	80	3
70	78	67	67	3
61	78	73	73	82
19	86	26	5	3
70	86	17	1	3
8	78	0	21	3
70	108	17	1	3
19	86	28	28	3
19	86	26	5	3
96	78	51	12	49
8	78	22	22	23
70	108	12	17	82
59	78	55	27	49
70	78	25	55	3
70	78	23	85	3
19	78	22	22	3
70	108	5	86	3
70	108	10	78	49
70	78	42	42	49
70	86	32	3	6
70	78	42	42	49
70	78	42	42	49
80	11	31	15	82
70	78	42	42	82
59	78	25	99	49
70	108	32	3	49
76	78	6	31	65
18	78	13	62	65
18	108	13	62	65
18	108	13	62	65
79	108	13	62	65
89	11	33	33	59
24	78	20	9	6
80	108	31	15	3
32	11	1	23	6
25	78	40	40	49
99	78	40	40	49
76	78	50	50	82
32	108	18	13	49
89	78	27	0	82
89	11	44	89	49
8	78	21	10	25
8	86	21	10	25
8	78	21	10	25
8	78	21	10	25
8	78	21	10	25
8	78	21	10	40
8	78	21	10	40
8	78	21	10	40
8	78	28	28	25
8	78	17	1	25
8	78	46	46	40
8	86	61	61	3
8	86	61	61	3
24	78	63	63	56
8	78	16	7	40
19	78	48	11	56
96	108	66	66	6
96	78	66	66	6
19	78	8	18	6
19	78	8	18	22
19	78	8	18	6
19	78	46	46	3
75	108	50	50	23
70	108	53	26	6
61	108	48	11	6
75	11	11	41	6
52	78	4	32	6
19	11	2	82	40
19	11	2	82	3
32	78	40	40	6
25	78	65	65	6
52	78	4	32	25
73	78	10	78	49
59	86	26	5	3
50	78	54	54	49
70	78	12	17	3
34	108	9	4	63
70	108	26	5	90
70	78	71	71	82
70	108	71	71	63
75	78	20	9	70
75	108	20	9	49
75	108	20	9	49
75	108	20	9	49
75	78	20	9	56
75	108	20	9	49
59	78	26	5	82
89	78	79	79	49
79	78	13	62	59
79	108	15	48	6
75	108	22	22	1
61	78	73	73	49
94	108	33	33	59
59	78	31	15	3
70	108	58	58	23
24	78	63	63	50
75	78	63	63	56
70	108	58	58	49
76	78	3	90	49
70	108	67	67	3
70	86	25	55	49
80	78	31	15	49
19	108	26	5	3
70	78	17	1	3
70	108	77	77	3
70	78	53	26	3
19	86	17	1	90
80	78	46	46	3
70	86	46	46	3
70	86	53	26	3
70	11	12	17	3
80	11	78	38	22
8	78	61	61	3
70	86	17	1	3
52	78	8	93	6
48	78	76	76	49
7	78	40	40	56
52	108	4	32	6
52	78	62	14	6
8	78	29	29	40
19	78	21	10	40
8	108	17	1	40
19	78	21	10	40
19	86	37	37	25
19	78	37	37	25
8	86	28	28	25
8	108	29	29	40
19	108	8	93	6
19	108	8	93	6
19	108	8	93	6
19	11	8	93	6
8	78	2	97	25
19	108	2	97	40
19	108	2	97	25
22	78	48	11	34
19	108	48	11	22
70	78	23	85	3
70	78	25	55	22
70	78	45	45	49
8	78	2	97	40
8	78	8	18	23
8	78	8	18	25
8	78	0	80	90
22	78	48	11	30
19	78	66	66	22
8	78	21	10	3
8	78	21	10	40
8	78	21	10	25
70	108	31	15	3
70	11	31	15	3
12	78	3	30	49
8	78	2	82	30
8	86	0	21	3
70	78	55	27	49
52	78	40	40	49
99	78	40	40	6
21	11	4	43	6
89	78	73	73	49
24	78	79	79	49
32	78	1	23	56
76	78	6	92	65
70	78	39	39	3
70	86	36	36	3
99	78	72	72	49
34	78	72	72	49
34	78	72	72	49
34	78	72	72	49
70	108	42	42	3
70	78	17	1	3
70	86	32	3	3
70	11	53	26	82
19	78	25	99	3
70	108	42	42	3
73	78	42	42	27
8	11	40	40	6
8	86	29	29	3
8	86	29	29	3
8	10	0	21	40
8	78	17	1	3
70	108	77	77	3
19	86	28	28	3
19	86	28	28	56
19	86	28	28	3
19	86	28	28	56
24	78	63	63	25
75	78	22	22	23
19	108	53	26	3
70	108	42	42	49
32	78	76	76	6
32	78	76	76	6
25	78	76	76	6
18	78	76	76	6
18	108	65	65	6
70	78	36	36	90
78	108	13	98	6
70	78	79	79	6
24	78	50	50	82
24	78	73	73	49
99	11	48	11	30
89	108	2	97	40
19	11	4	32	25
70	11	42	42	3
70	11	42	42	3
70	11	42	42	3
24	78	22	22	84
52	78	66	66	49
19	86	37	37	25
19	78	63	63	56
8	86	29	29	3
8	11	2	97	56
19	78	37	37	25
8	78	29	29	40
19	86	37	37	25
19	86	37	37	25
19	78	78	38	22
8	86	29	29	3
8	86	29	29	3
8	86	17	1	40
8	16	29	29	40
19	86	29	29	3
19	86	37	37	25
8	86	29	29	3
19	86	29	29	3
19	86	29	29	3
8	86	29	29	3
8	16	29	29	40
19	86	37	37	25
8	86	29	29	40
8	86	29	29	40
8	86	17	1	40
8	86	29	29	3
8	16	29	29	40
19	78	78	38	25
8	78	29	29	25
19	78	21	10	40
8	86	17	1	40
19	78	21	10	25
8	86	29	29	40
8	78	29	29	3
70	86	0	21	3
19	108	0	21	90
99	78	40	40	6
12	108	22	22	49
19	78	23	47	3
12	78	23	47	49
12	78	22	22	3
19	78	23	47	3
19	78	23	47	3
19	78	23	47	3
8	86	28	28	25
8	78	0	21	3
8	86	28	28	3
8	86	28	28	3
19	86	28	28	90
19	86	28	28	3
19	78	63	63	3
19	78	0	21	25
96	108	48	11	34
70	78	23	85	3
70	78	10	78	3
70	78	31	15	3
89	78	13	98	3
78	78	32	3	22
89	78	79	79	49
70	108	53	26	49
49	78	3	30	84
75	108	13	62	6
75	11	27	0	6
75	11	27	0	3
49	78	3	90	22
52	108	4	32	6
70	78	12	17	6
70	108	12	17	6
70	78	29	29	3
70	78	29	29	3
96	108	58	58	22
96	108	58	58	22
96	108	58	58	22
96	108	58	58	22
96	108	58	58	22
96	108	58	58	22
49	108	74	74	3
70	78	58	58	49
89	78	79	79	49
70	78	65	65	6
0	11	15	48	30
25	11	1	23	6
89	78	10	78	49
59	108	10	78	22
89	78	79	79	3
70	78	10	78	3
74	108	33	33	6
47	78	33	33	59
52	108	11	25	6
24	78	22	22	23
70	108	79	79	49
70	78	79	79	3
70	108	79	79	49
70	78	79	79	49
12	78	51	12	22
8	78	21	10	25
8	78	21	10	25
8	78	21	10	25
8	78	21	10	25
8	78	21	10	25
8	78	21	10	40
8	78	21	10	56
8	78	21	10	3
8	78	21	10	40
8	78	28	28	25
8	78	17	1	25
8	78	46	46	40
8	86	61	61	3
8	86	61	61	3
24	78	63	63	56
8	78	16	7	40
19	78	48	11	56
96	78	66	66	6
96	78	66	66	6
19	78	8	18	6
19	78	8	18	22
19	78	8	18	6
19	78	26	5	3
80	11	36	36	82
89	11	36	36	82
80	11	36	36	82
89	78	36	36	82
80	78	36	36	3
70	78	36	36	90
70	78	36	36	3
89	78	33	33	6
59	108	5	20	3
24	78	22	22	3
8	86	26	5	3
70	108	26	5	82
19	108	37	37	25
59	108	26	5	3
19	108	0	21	3
59	86	17	1	3
70	108	26	5	3
61	78	51	12	3
8	78	78	38	25
19	78	53	26	3
19	86	37	37	3
19	10	53	26	3
70	86	29	29	3
70	86	29	29	3
19	78	27	0	25
19	78	8	18	22
52	11	4	32	6
52	78	4	32	6
7	78	62	14	6
19	78	62	14	6
52	78	4	32	6
52	78	15	51	6
19	78	0	80	3
70	108	5	20	49
70	78	5	86	3
70	108	39	39	49
70	108	5	86	3
59	78	5	86	12
70	78	25	55	3
70	108	45	45	49
19	78	48	11	56
19	108	48	11	56
8	78	48	11	56
19	108	48	11	34
7	108	48	11	34
8	108	48	11	56
12	78	5	84	49
52	108	51	12	49
7	78	51	12	49
19	78	63	63	25
96	108	11	25	49
70	11	11	25	49
75	108	27	0	6
75	11	11	25	49
75	11	11	25	49
59	78	10	78	3
70	11	42	42	49
59	86	32	3	22
50	86	11	25	6
70	78	71	71	82
70	78	23	47	3
70	78	45	45	49
70	78	32	3	22
70	78	5	86	3
8	78	21	10	25
76	78	50	50	22
8	78	0	80	3
12	78	20	9	84
19	86	53	26	3
8	86	26	5	3
8	86	21	10	3
8	78	17	1	40
52	108	11	25	56
8	78	11	25	22
19	78	2	82	3
8	78	2	82	40
19	78	63	63	25
70	78	37	37	3
96	78	44	89	49
70	78	23	85	3
8	78	21	10	25
8	78	21	10	3
19	78	46	46	3
8	78	29	29	3
8	78	21	10	40
8	78	2	97	25
8	78	2	97	40
8	108	2	97	25
34	108	40	40	6
52	78	4	32	6
70	78	5	86	49
70	78	55	27	49
8	78	29	29	3
8	78	29	29	3
70	86	77	77	3
19	78	21	10	3
8	78	17	1	3
8	86	28	28	25
19	78	5	86	3
70	78	51	12	3
76	78	3	90	49
70	108	12	17	6
70	108	12	17	6
8	86	37	37	3
8	78	8	18	40
19	108	8	18	3
19	108	8	18	3
19	108	8	18	23
19	78	8	18	23
19	78	8	18	56
19	108	8	18	6
19	78	8	18	6
19	78	4	32	6
75	108	27	0	3
76	78	7	53	82
19	78	4	32	6
25	78	40	40	49
25	78	40	40	49
25	11	40	40	6
89	78	42	42	82
32	78	42	42	82
70	78	42	42	82
70	78	42	42	82
70	78	42	42	82
70	78	42	42	82
70	108	42	42	82
50	78	11	41	6
50	78	11	41	6
50	78	41	83	6
52	78	41	83	6
50	78	41	83	6
50	78	41	83	6
50	11	41	83	6
50	78	41	83	6
50	78	41	83	6
34	78	41	83	6
50	78	41	83	6
50	78	41	83	6
50	78	41	83	6
50	78	41	83	6
50	78	41	83	6
52	78	41	83	6
50	78	41	83	6
52	78	41	83	6
50	78	41	83	6
79	78	41	83	6
50	78	41	83	6
52	78	41	83	6
50	78	41	83	6
50	78	41	83	6
50	78	41	83	6
50	78	41	83	6
50	78	41	83	6
52	78	41	83	6
70	78	39	39	3
70	78	5	20	49
70	78	23	85	3
59	78	23	85	49
70	108	5	20	49
70	108	12	44	12
70	108	5	20	49
70	78	25	55	3
50	78	50	50	49
70	78	31	15	3
32	78	27	0	82
89	78	27	0	82
89	78	30	2	21
89	78	44	89	49
32	78	62	14	6
32	78	62	14	49
52	78	18	13	49
52	78	18	13	49
89	78	48	11	49
70	78	39	39	3
70	78	5	20	49
59	78	23	85	3
59	78	23	85	49
70	108	5	20	49
70	108	12	44	12
70	108	5	20	49
70	78	25	55	3
24	78	50	50	65
70	78	31	15	3
32	78	27	0	82
89	78	27	0	82
89	78	30	2	21
89	78	44	89	49
32	78	62	14	6
32	78	62	14	49
49	78	18	13	49
75	78	18	13	49
75	108	48	11	49
19	78	23	47	3
19	78	23	47	3
12	78	3	90	49
12	78	51	12	49
19	78	40	40	6
12	78	51	12	49
19	78	23	47	3
70	78	23	47	3
19	78	23	47	3
12	78	3	90	3
19	78	2	82	3
19	78	2	82	30
89	108	54	54	6
98	108	54	54	49
89	78	79	79	49
24	78	63	63	25
8	78	16	7	40
76	78	3	90	49
19	108	40	40	40
99	78	40	40	6
49	78	3	90	21
70	78	10	78	3
8	78	21	10	3
70	78	21	10	3
70	108	39	39	3
70	108	5	20	3
52	108	62	14	6
52	108	8	18	22
20	78	0	80	3
52	78	11	25	49
19	78	3	90	3
70	108	77	77	3
19	86	26	5	3
70	86	37	37	3
70	108	17	1	3
19	78	21	10	3
19	108	28	28	3
76	78	22	22	3
75	78	44	89	47
19	78	26	5	3
70	108	46	46	3
19	108	46	46	3
49	78	3	90	21
32	78	76	76	6
89	78	42	42	3
70	78	42	42	3
32	108	76	76	6
89	78	76	76	49
52	78	11	41	49
52	78	11	41	6
32	11	1	23	6
75	86	0	21	3
70	78	0	21	3
76	78	73	73	50
70	10	77	77	3
19	10	77	77	25
19	86	77	77	3
19	86	77	77	90
19	108	46	46	22
76	78	73	73	49
7	78	23	47	49
70	108	37	37	3
48	78	52	52	6
70	78	71	71	3
78	108	32	3	22
70	78	67	67	49
12	78	3	90	49
96	78	4	43	6
70	108	65	65	6
70	78	65	65	49
70	78	53	26	82
70	78	5	86	49
96	108	5	86	49
59	108	55	27	49
70	78	26	5	3
70	108	46	46	49
70	108	46	46	49
75	108	46	46	49
70	78	26	5	3
59	78	23	85	3
8	78	25	99	3
70	78	67	67	49
70	108	5	86	3
70	78	5	86	3
70	78	31	15	3
70	108	32	3	49
24	78	22	22	3
80	78	27	0	82
75	78	27	0	30
98	78	14	34	49
98	11	14	34	49
80	78	27	0	82
50	78	14	34	82
98	108	14	34	82
8	78	63	63	25
70	78	5	20	49
61	78	11	25	49
96	78	44	89	49
70	78	10	78	3
70	78	67	67	65
59	78	39	39	3
59	78	25	99	49
70	78	17	1	3
70	78	71	71	82
0	78	38	8	22
52	108	11	25	40
70	78	38	8	40
19	108	8	18	22
75	11	46	46	3
70	86	38	8	3
70	108	26	5	3
70	10	38	8	3
49	78	3	90	21
34	78	48	11	3
48	108	72	72	6
76	78	50	50	65
96	78	5	86	49
76	78	55	27	49
76	78	55	27	49
89	11	2	97	6
99	11	40	40	6
61	78	48	11	49
96	78	48	11	49
75	78	48	11	49
75	78	48	11	30
48	108	72	72	6
86	108	72	72	6
52	78	11	41	6
52	11	4	32	6
70	78	23	85	3
70	78	45	45	49
70	108	5	20	6
70	108	5	20	3
70	108	5	20	3
76	78	3	90	3
12	78	51	12	49
70	108	77	77	3
70	86	77	77	90
19	78	21	10	3
19	78	46	46	3
8	86	28	28	3
8	86	28	28	3
8	78	23	85	3
59	108	32	3	3
59	78	39	39	3
76	78	3	90	49
49	78	51	12	49
52	108	4	32	49
32	78	1	23	6
75	78	3	30	22
70	108	0	21	3
19	78	26	5	3
19	78	21	10	3
52	78	5	84	49
52	78	5	84	49
70	108	46	46	3
25	78	4	43	28
88	11	11	25	49
25	78	40	40	6
23	108	15	48	6
79	108	15	48	6
23	108	15	48	6
86	11	15	48	48
79	108	15	48	44
0	108	15	48	6
0	108	15	48	6
89	11	11	41	6
89	78	11	41	30
79	86	11	25	6
52	108	15	51	6
52	108	15	51	6
79	108	15	51	6
79	11	15	51	6
7	78	68	68	6
7	108	68	68	6
78	108	15	51	6
59	16	26	5	3
89	78	79	79	3
70	78	12	17	6
70	108	12	17	49
12	78	50	50	21
12	78	50	50	56
76	78	73	73	49
80	78	47	56	82
70	78	38	8	3
61	78	48	11	34
61	108	48	11	34
61	108	48	11	34
52	108	11	25	56
19	78	28	28	3
19	78	28	28	3
19	78	37	37	25
19	78	0	21	3
8	78	0	80	90
19	108	51	12	6
70	108	53	26	49
70	108	25	55	3
70	108	67	67	49
59	78	39	39	3
59	108	55	27	49
49	78	72	72	34
8	78	26	5	3
59	86	25	55	3
89	78	39	39	3
70	78	67	67	49
70	108	5	86	3
52	11	11	25	25
89	108	79	79	12
25	11	1	23	6
44	108	11	25	82
19	108	26	5	3
70	108	17	1	3
19	86	37	37	25
70	108	53	26	3
24	78	50	50	65
52	108	34	16	49
96	78	44	89	22
24	78	44	89	49
19	78	23	85	3
70	78	23	47	3
70	78	39	39	3
70	78	67	67	3
75	78	34	16	49
75	78	44	89	22
75	78	63	63	25
59	78	26	5	3
19	78	63	63	23
70	108	77	77	3
24	78	63	63	3
79	108	11	25	49
2	78	11	25	25
0	108	11	25	49
96	108	11	25	6
52	78	15	51	25
52	11	15	51	6
52	108	56	6	28
52	11	56	6	28
52	108	56	6	28
79	108	56	6	28
52	108	56	6	28
52	108	56	6	28
52	108	56	6	28
96	108	56	6	28
52	78	15	51	28
76	78	3	90	3
76	78	3	90	3
70	108	19	19	22
70	108	19	19	22
70	78	35	35	49
70	78	35	35	49
70	78	35	35	49
70	11	35	35	49
70	108	67	67	49
70	78	23	47	49
70	108	35	35	49
89	108	18	13	49
19	78	63	63	56
49	78	79	79	49
99	78	62	14	6
12	78	18	13	49
48	78	18	13	49
70	78	25	55	3
8	78	2	82	25
19	78	2	82	25
19	78	2	82	22
19	78	2	82	3
19	78	2	82	3
19	78	2	82	22
19	78	2	82	22
19	78	2	82	22
19	78	37	37	25
8	78	29	29	25
8	86	29	29	25
19	78	2	82	3
8	78	40	40	6
8	78	40	40	6
8	78	40	40	23
8	78	40	40	6
12	78	3	90	3
19	11	48	11	56
8	10	29	29	3
8	108	51	12	22
70	78	23	47	49
70	108	51	12	49
70	78	23	47	3
59	78	23	85	3
70	78	45	45	49
70	78	39	39	3
70	78	25	55	3
70	108	5	86	3
70	108	67	67	49
32	11	1	23	6
32	78	40	40	6
8	78	26	5	3
70	86	17	1	3
70	78	37	37	3
70	108	17	1	49
70	108	26	5	3
49	78	50	50	82
68	108	30	2	82
70	108	30	2	28
0	78	50	50	6
0	78	15	51	6
8	10	0	21	3
80	108	30	2	22
12	78	51	12	49
70	11	4	43	50
75	11	4	43	40
73	78	39	39	3
98	108	54	54	3
70	78	71	71	82
70	78	10	78	3
70	78	10	78	49
70	108	49	49	49
70	78	67	67	49
19	11	48	11	6
96	11	48	11	49
21	11	4	43	6
21	11	4	43	25
52	11	11	41	49
52	11	11	41	49
98	78	79	79	6
70	11	26	5	82
19	78	23	47	3
70	78	23	47	49
70	78	23	47	49
70	78	23	47	49
70	78	23	47	3
49	78	3	90	3
49	78	3	90	3
52	78	4	32	6
52	108	4	32	6
52	108	4	32	6
79	108	4	32	6
52	78	15	51	6
52	11	4	32	6
70	78	38	8	22
70	78	38	8	22
52	108	4	32	6
52	78	2	97	6
52	108	4	32	6
52	78	11	41	49
32	78	40	40	6
32	78	40	40	6
8	78	21	10	3
49	78	50	50	22
59	78	25	99	3
70	108	0	21	3
70	108	78	38	3
70	86	36	36	90
70	108	5	20	49
59	108	54	54	49
19	78	63	63	25
24	78	63	63	56
75	78	27	0	3
75	78	27	0	50
75	78	44	89	49
70	78	0	21	3
70	78	23	47	3
19	78	5	86	3
70	86	17	1	3
19	86	0	21	3
8	86	21	10	3
19	86	2	97	40
96	78	22	22	22
7	78	23	47	49
19	78	23	47	49
19	78	22	22	3
12	108	23	47	49
12	78	66	66	49
19	11	40	40	25
19	11	37	37	3
70	78	30	2	6
99	108	40	40	23
76	78	73	73	25
7	108	40	40	6
52	108	4	32	50
70	78	18	13	3
8	78	21	10	23
50	78	7	53	34
76	78	3	90	49
8	78	23	85	3
59	78	32	3	3
24	78	73	73	49
70	78	31	15	3
32	78	27	0	82
89	78	27	0	82
89	78	44	89	49
89	78	30	2	21
12	78	50	50	49
24	78	73	73	49
70	78	31	15	3
32	78	27	0	82
89	78	27	0	82
70	78	30	2	49
59	78	39	39	3
70	108	67	67	3
59	78	23	85	3
59	78	23	85	3
70	108	5	20	49
89	108	12	44	49
59	108	5	20	49
70	78	25	55	3
89	78	44	89	49
75	108	48	11	49
75	78	3	90	56
7	78	40	40	48
8	86	26	5	3
70	78	37	37	90
70	108	26	5	40
70	86	17	1	90
19	78	21	10	3
70	78	0	21	3
61	78	44	89	28
79	78	72	72	6
79	108	72	72	6
89	78	72	72	49
52	108	56	6	30
52	78	11	25	6
79	11	15	51	6
79	78	34	16	6
79	108	34	16	49
79	108	4	43	49
34	11	34	16	63
52	78	11	25	6
52	108	11	25	6
32	78	76	76	6
49	78	51	12	84
8	11	4	32	6
8	78	51	12	3
12	11	23	47	3
96	11	35	35	3
70	11	35	35	82
52	11	4	32	6
52	78	66	66	49
7	108	66	66	49
12	78	66	66	49
49	11	66	66	49
70	78	5	86	49
70	78	55	27	3
19	78	18	13	3
19	78	18	13	3
19	78	18	13	3
19	78	18	13	3
19	78	18	13	3
7	78	40	40	56
7	78	40	40	6
52	108	8	18	22
52	108	48	11	56
52	78	44	89	49
70	78	5	86	49
70	78	55	27	3
8	78	29	29	40
99	78	40	40	6
7	78	40	40	6
7	78	40	40	6
70	108	17	1	3
7	78	40	40	6
8	86	26	5	3
70	86	53	26	3
19	78	0	21	3
8	78	28	28	25
8	78	21	10	3
24	78	22	22	3
8	78	25	99	3
59	78	21	10	82
59	78	21	10	3
59	86	17	1	3
94	11	65	65	49
59	78	21	10	82
8	78	21	10	3
59	78	21	10	3
70	108	5	84	3
70	108	5	20	3
59	78	17	1	3
70	108	5	84	3
70	108	5	84	3
19	86	21	10	3
19	78	21	10	3
89	78	48	11	3
32	78	52	52	6
24	78	3	90	23
70	86	77	77	90
70	108	26	5	82
70	108	26	5	82
70	108	26	5	82
19	78	77	77	3
80	78	79	79	22
19	108	66	66	6
7	11	48	11	6
19	108	37	37	3
61	78	73	73	21
75	78	13	62	59
0	78	13	62	6
70	108	74	74	49
49	11	74	74	49
70	11	74	74	49
70	108	74	74	49
70	11	74	74	49
70	78	74	74	49
70	78	74	74	49
96	78	74	74	49
70	78	74	74	49
49	108	74	74	22
96	108	74	74	22
96	108	74	74	22
96	108	74	74	22
96	78	74	74	22
96	108	74	74	22
96	78	74	74	22
5	78	24	24	3
89	78	24	24	6
28	78	24	24	6
98	78	24	24	6
96	108	51	12	22
94	78	11	25	56
96	108	11	25	56
96	11	11	25	6
99	11	40	40	6
99	11	40	40	49
79	78	62	14	6
70	108	36	36	90
24	78	73	73	49
19	78	0	80	3
32	78	27	0	82
89	78	27	0	82
24	78	3	30	21
89	78	44	89	49
86	108	72	72	49
89	11	14	96	6
70	108	54	54	6
70	108	54	54	49
89	108	54	54	49
59	78	5	84	49
79	78	54	54	49
59	108	54	54	49
61	78	73	73	49
32	78	76	76	6
79	78	14	96	6
31	11	11	41	6
32	11	62	14	6
32	78	62	14	6
70	108	79	79	12
32	11	1	23	6
8	78	29	29	25
89	108	39	39	49
89	78	43	87	49
52	78	43	87	28
52	108	43	87	28
52	78	43	87	49
52	78	43	87	49
52	78	43	87	28
70	78	43	87	49
61	108	43	87	28
61	108	43	87	28
52	78	43	87	28
52	78	43	87	28
70	78	43	87	28
56	78	43	87	28
52	78	43	87	28
52	108	43	87	28
19	108	43	87	28
99	11	43	87	28
7	78	43	87	28
25	108	43	87	6
18	78	43	87	6
19	108	43	87	6
18	108	43	87	6
52	78	43	87	28
52	108	43	87	49
52	78	43	87	28
52	11	43	87	28
52	11	43	87	28
52	78	43	87	28
52	78	44	89	28
73	78	50	50	82
79	108	15	51	6
79	108	15	51	6
58	108	15	51	6
96	108	15	51	49
49	78	1	81	56
19	108	29	29	3
19	86	37	37	90
70	86	17	1	3
19	86	0	21	3
70	78	79	79	6
78	108	13	98	6
21	11	4	43	28
25	78	40	40	6
48	78	52	52	6
32	11	62	14	6
32	11	62	14	6
79	108	11	41	6
32	11	4	43	6
79	108	11	41	6
32	11	4	43	6
79	108	11	41	6
48	11	4	43	6
70	108	12	17	3
50	11	11	41	49
52	11	11	41	49
50	108	11	41	49
96	11	11	41	6
76	78	73	73	49
32	11	62	14	6
86	78	34	16	49
86	78	34	16	49
61	78	44	89	49
12	78	51	12	3
70	78	54	54	49
50	108	54	54	59
70	108	54	54	49
70	86	51	12	3
70	78	54	54	49
59	78	26	5	3
59	78	25	99	3
59	86	17	1	3
70	108	26	5	3
70	108	26	5	3
70	108	26	5	3
58	78	15	48	6
79	108	33	33	6
96	108	15	48	6
80	78	78	38	23
18	78	76	76	6
99	78	40	40	6
52	78	4	32	6
76	78	3	90	22
52	78	4	32	49
52	78	4	32	6
48	11	52	52	6
79	108	52	52	6
70	108	12	17	49
70	108	12	17	49
70	78	32	3	22
70	108	67	67	49
59	78	39	39	3
52	11	66	66	49
59	78	23	85	3
76	78	3	90	22
52	78	11	41	6
88	78	11	41	49
32	78	52	52	6
59	108	32	3	6
70	108	39	39	3
70	108	36	36	82
59	78	39	39	3
70	86	17	1	3
70	108	18	13	3
59	108	26	5	3
70	108	26	5	3
8	86	28	28	3
21	78	18	13	82
76	78	50	50	22
52	11	15	51	6
27	78	60	60	50
98	78	14	34	22
19	78	61	61	3
50	78	79	79	6
70	78	17	1	3
70	108	18	13	3
59	78	39	39	3
70	108	17	1	3
70	108	18	13	3
70	86	26	5	3
70	108	26	5	82
59	108	26	5	3
70	108	26	5	3
19	86	28	28	3
21	78	18	13	82
76	78	50	50	22
52	11	15	51	6
27	78	60	60	50
98	78	14	34	12
19	78	61	61	3
50	78	79	79	6
70	108	17	1	49
75	108	18	13	3
70	86	53	26	3
70	86	53	26	3
70	108	53	26	6
70	108	53	26	6
70	108	53	26	6
70	108	12	44	6
70	108	12	44	6
70	108	12	44	6
70	108	12	44	6
70	108	12	44	6
70	108	12	44	6
19	78	38	8	6
19	78	38	8	6
19	78	38	8	6
98	78	12	44	49
98	78	12	44	49
98	78	12	44	49
70	78	38	8	3
70	78	38	8	3
70	78	38	8	3
70	108	38	8	40
70	108	38	8	40
70	108	38	8	40
70	78	38	8	6
70	78	38	8	6
70	78	38	8	6
70	78	0	21	3
61	78	73	73	28
19	11	27	0	3
19	78	27	0	25
19	11	27	0	25
76	78	63	63	22
49	78	3	90	84
59	108	26	5	3
52	11	66	66	49
52	11	66	66	49
70	108	37	37	3
70	108	26	5	82
70	11	26	5	82
70	108	53	26	3
70	108	53	26	3
19	108	38	8	3
70	10	38	8	6
70	78	38	8	6
70	78	38	8	6
48	108	52	52	22
48	108	52	52	22
32	78	52	52	22
7	108	62	14	6
70	78	65	65	49
70	78	65	65	49
70	78	65	65	6
8	108	2	97	40
19	78	2	97	40
8	78	19	19	3
8	78	19	19	3
8	78	19	19	3
8	78	19	19	3
19	86	19	19	3
19	86	19	19	3
19	86	19	19	3
19	86	19	19	3
19	11	19	19	3
19	11	19	19	3
19	11	19	19	3
19	11	19	19	3
70	78	19	19	3
70	78	19	19	3
70	78	19	19	3
70	78	19	19	3
70	108	19	19	49
70	108	19	19	49
70	108	19	19	49
70	108	19	19	49
96	108	19	19	28
96	108	19	19	28
96	108	19	19	28
96	108	19	19	28
7	78	19	19	49
7	78	19	19	49
7	78	19	19	49
7	78	19	19	49
8	78	2	82	40
8	11	2	82	40
89	78	24	24	6
19	78	24	24	22
19	78	24	24	25
19	78	24	24	6
8	78	29	29	40
19	78	2	82	40
19	11	2	82	40
52	11	2	82	40
19	78	24	24	22
19	78	24	24	22
8	78	24	24	22
76	78	22	22	3
19	78	3	30	56
70	78	53	26	3
70	86	26	5	3
19	86	37	37	90
70	108	38	8	3
70	86	17	1	90
70	11	27	0	3
19	108	28	28	3
70	10	38	8	40
70	10	38	8	40
19	108	40	40	6
48	78	40	40	6
52	11	4	32	6
75	11	4	32	25
52	78	4	32	6
19	78	26	5	82
59	78	26	5	82
24	78	50	50	82
24	78	50	50	49
79	108	30	2	59
70	78	30	2	65
47	78	30	2	59
34	78	54	54	6
48	78	54	54	6
79	108	72	72	49
96	108	72	72	49
22	78	72	72	49
79	108	72	72	49
96	108	72	72	49
22	108	72	72	49
50	108	34	16	49
52	78	34	16	49
52	78	34	16	49
52	108	4	32	30
32	78	40	40	6
19	78	51	12	3
24	78	3	90	34
19	78	51	12	49
19	78	26	5	3
70	108	17	1	3
70	78	26	5	3
19	78	0	21	3
70	108	77	77	3
70	86	37	37	3
70	108	0	21	3
52	11	4	32	6
52	78	11	41	49
70	108	0	21	22
19	78	29	29	3
19	86	26	5	3
19	108	66	66	23
21	11	4	32	6
21	10	4	32	6
21	78	4	32	6
19	78	4	32	6
19	78	4	32	6
19	86	37	37	3
70	108	0	21	3
70	108	0	21	3
70	78	0	21	3
70	78	17	1	90
70	78	26	5	3
70	108	17	1	3
70	78	26	5	3
19	78	0	21	3
70	108	77	77	3
70	86	37	37	3
70	108	0	21	3
52	78	4	32	6
48	108	52	52	6
52	108	62	14	6
52	78	4	32	6
52	78	11	41	49
19	78	37	37	3
70	78	18	13	49
70	78	18	13	22
19	78	18	13	49
70	78	18	13	22
70	78	18	13	49
80	78	18	13	3
70	78	18	13	49
52	78	18	13	49
80	78	18	13	22
19	78	18	13	49
52	108	48	11	56
52	78	11	25	56
19	78	18	13	3
19	78	18	13	3
19	78	39	39	3
19	78	21	10	3
8	78	21	10	22
70	108	5	20	22
8	108	40	40	6
19	108	8	18	22
22	78	48	11	49
19	78	46	46	40
24	78	3	30	49
19	78	46	46	3
24	78	3	30	22
70	78	73	73	49
26	78	3	30	61
19	10	38	8	3
70	108	26	5	25
70	78	38	8	3
70	108	12	17	82
70	78	12	17	40
8	108	2	97	40
19	11	37	37	3
70	86	17	1	22
70	108	79	79	6
19	78	62	14	82
70	86	36	36	3
75	11	27	0	34
75	11	27	0	6
47	11	75	75	51
47	11	75	75	50
48	11	75	75	51
48	108	75	75	50
27	108	75	75	50
47	11	75	75	50
47	11	75	75	50
47	11	75	75	50
27	11	75	75	50
49	78	50	50	82
74	78	30	2	65
70	78	30	2	65
94	78	30	2	59
70	78	31	15	3
70	78	30	2	65
70	78	30	2	82
89	78	72	72	49
34	78	72	72	49
89	78	72	72	49
61	78	72	72	49
89	78	72	72	49
34	78	9	4	49
89	108	9	4	49
48	78	34	16	6
89	78	44	89	49
89	78	44	89	49
89	78	44	89	49
89	78	44	89	49
70	108	39	39	3
70	108	39	39	3
70	78	39	39	3
70	78	53	26	49
70	78	5	20	3
70	78	5	86	3
49	78	50	50	82
75	78	30	2	65
70	78	30	2	65
94	78	30	2	59
89	108	5	84	49
70	78	30	2	65
70	78	30	2	82
34	78	9	4	49
34	78	9	4	49
34	78	9	4	49
76	78	3	90	40
19	78	29	29	3
19	86	26	5	3
21	11	4	32	6
21	10	4	32	6
21	78	4	32	6
19	78	4	32	6
48	78	65	65	6
7	78	59	59	56
8	78	59	59	56
7	78	59	59	56
7	78	59	59	56
7	78	59	59	56
8	78	59	59	56
8	78	59	59	56
52	11	59	59	28
8	78	59	59	56
8	78	59	59	56
8	78	59	59	56
8	78	59	59	56
8	78	59	59	56
8	78	59	59	56
8	78	59	59	56
8	78	59	59	56
8	78	59	59	56
8	78	59	59	56
8	78	59	59	56
19	78	37	37	3
59	78	23	85	3
70	78	5	20	3
70	78	25	55	3
52	78	4	32	6
19	11	62	14	49
19	11	62	14	6
19	78	27	0	3
21	78	62	14	6
89	78	18	94	6
79	78	52	52	6
79	108	52	52	6
79	78	52	52	22
79	108	52	52	49
7	11	40	40	56
99	11	40	40	49
59	78	5	84	49
70	78	5	84	49
70	108	5	84	49
59	78	5	84	49
70	108	5	84	49
70	86	77	77	3
70	108	5	84	49
70	86	0	21	3
24	78	30	2	21
24	78	30	2	59
70	78	0	80	3
61	78	73	73	49
70	78	26	5	3
59	78	26	5	3
70	108	38	8	3
70	108	38	8	6
59	86	17	1	3
59	78	26	5	3
59	108	26	5	3
52	108	56	6	6
52	78	11	41	6
32	78	65	65	6
19	10	65	65	6
32	108	65	65	6
18	108	65	65	6
32	78	65	65	6
70	78	39	39	3
19	86	77	77	3
8	86	29	29	3
19	108	77	77	25
88	78	2	82	6
76	78	6	31	49
89	78	6	31	21
7	78	51	12	49
70	78	51	12	49
24	78	50	50	49
49	78	3	90	49
70	78	31	15	3
96	78	20	9	49
70	78	5	20	3
70	108	0	21	3
8	78	21	10	3
8	108	21	10	3
52	78	18	13	49
5	78	18	94	82
21	78	18	94	82
70	108	32	3	3
70	78	5	84	49
70	78	39	39	3
76	78	73	73	50
96	78	44	89	49
89	78	4	43	49
89	78	4	43	49
32	78	4	43	6
52	78	4	43	49
89	78	4	43	6
89	78	4	43	6
32	78	4	43	6
79	78	14	96	6
79	11	14	96	6
79	108	14	96	6
79	78	14	96	6
32	78	76	76	6
48	11	76	76	6
32	11	76	76	6
19	78	26	5	3
70	78	17	1	3
19	78	46	46	3
19	86	77	77	90
19	78	3	90	40
89	108	42	42	3
70	78	67	67	65
59	78	25	55	22
80	78	45	45	49
70	78	71	71	82
70	11	35	35	3
70	78	10	78	3
19	78	66	66	4
70	108	39	39	3
19	78	66	66	49
49	78	18	13	3
43	78	18	13	82
52	78	4	32	49
52	78	18	13	49
52	78	18	13	49
24	78	63	63	84
61	78	48	11	49
61	78	48	11	49
61	78	48	11	6
52	78	48	11	6
61	78	48	11	49
52	78	48	11	30
89	78	48	11	30
19	108	2	97	50
75	78	44	89	13
19	11	62	14	25
70	86	77	77	90
19	86	37	37	3
70	86	77	77	90
19	86	37	37	3
70	108	77	77	3
8	78	28	28	3
19	78	36	36	82
70	78	17	1	3
70	86	77	77	90
19	86	37	37	3
70	108	77	77	3
8	78	28	28	3
19	78	36	36	82
70	78	17	1	3
8	86	28	28	25
70	86	0	21	3
70	108	0	21	3
7	11	48	11	6
76	78	3	90	28
88	78	15	48	6
88	108	15	48	6
34	108	34	16	49
34	108	72	72	49
34	108	72	72	49
34	78	72	72	49
52	10	4	32	6
52	78	4	32	6
88	78	15	48	6
59	78	39	39	3
5	78	18	94	6
5	78	18	94	6
75	78	22	22	59
19	78	53	26	3
70	78	37	37	3
70	78	17	1	3
80	11	5	86	3
70	78	42	42	49
70	78	42	42	49
19	11	2	97	6
34	108	72	72	49
34	108	72	72	49
34	108	72	72	6
34	108	72	72	49
34	78	9	4	63
89	11	9	4	63
94	78	30	2	49
94	78	30	2	49
89	78	1	81	49
25	78	40	40	6
48	11	2	97	6
48	108	2	97	6
70	78	0	21	3
19	78	21	10	3
19	78	37	37	25
19	78	37	37	25
19	78	17	1	3
19	86	29	29	3
19	108	77	77	6
8	78	29	29	40
19	78	26	5	3
8	78	63	63	25
8	11	26	5	3
19	108	37	37	3
8	108	0	21	90
76	78	3	90	49
70	78	23	47	3
96	11	51	12	49
24	78	3	90	7
19	78	64	64	3
19	78	64	64	3
19	108	64	64	22
58	78	64	64	22
96	108	64	64	84
96	108	64	64	3
19	78	64	64	3
19	78	64	64	3
96	108	64	64	3
49	78	64	64	84
19	108	64	64	84
65	78	64	64	51
96	78	64	64	3
94	78	64	64	3
94	78	64	64	3
94	78	64	64	59
94	78	64	64	3
94	78	64	64	59
19	78	64	64	49
19	78	64	64	49
19	78	64	64	3
19	86	22	22	3
19	108	22	22	50
19	86	22	22	3
19	78	5	86	3
70	78	5	86	3
70	78	53	26	49
70	78	53	26	3
70	108	53	26	3
7	78	40	40	6
52	78	11	41	25
52	78	11	41	34
49	78	20	9	49
32	78	62	14	28
32	78	62	14	6
32	78	62	14	28
32	78	62	14	6
89	108	62	14	49
89	78	48	11	34
96	78	44	89	49
43	108	18	13	49
70	108	23	47	49
59	108	23	47	49
70	108	23	47	3
70	108	23	47	49
7	78	40	40	6
52	78	11	25	6
48	108	52	52	6
24	78	3	30	49
75	78	3	30	49
