KMeans100-SciBert	KMeans130-BioBert	HierClust80-SciBert	HierClust100-BioBert	GMM_BioBert
73	22	16	93	82
73	22	29	29	82
38	71	6	16	65
73	22	55	97	65
32	71	56	13	6
20	22	73	36	74
47	95	13	55	50
21	71	23	5	25
20	71	35	35	3
80	71	5	90	82
20	71	25	25	86
73	22	34	34	3
8	71	49	49	25
7	22	57	57	56
8	22	57	57	56
96	71	19	9	49
96	22	69	69	49
96	71	21	21	34
26	22	28	96	38
23	71	33	33	33
23	22	7	42	82
28	22	47	23	28
2	71	70	70	82
79	22	40	40	27
74	71	41	83	65
23	22	7	64	73
37	22	0	80	50
38	22	70	70	57
75	71	45	22	80
2	71	13	44	27
98	71	43	87	40
98	22	31	7	40
73	22	50	24	27
13	71	1	81	75
98	22	75	75	41
9	22	27	17	57
2	71	70	70	27
74	22	41	83	65
61	71	9	15	28
82	71	16	27	47
73	22	29	29	82
20	71	73	36	74
82	71	9	15	47
5	22	45	22	3
77	22	59	59	3
73	22	64	31	82
73	22	35	35	86
89	22	14	12	82
88	22	40	40	6
0	71	40	40	6
79	64	40	40	6
79	22	40	40	6
3	71	23	5	25
73	22	74	74	27
64	71	15	58	3
42	22	45	22	80
27	71	17	1	50
74	71	6	41	82
24	22	28	47	90
61	22	77	77	28
73	22	29	29	27
96	22	19	9	49
98	22	27	17	40
1	71	7	42	57
7	22	24	11	49
86	71	54	54	49
88	71	40	40	27
75	71	45	22	80
66	71	1	14	21
73	71	36	3	82
73	22	64	31	3
26	71	31	7	90
73	52	29	29	82
59	71	68	68	49
59	71	52	52	49
20	71	33	33	86
75	22	13	55	6
82	71	1	81	47
96	71	48	48	21
96	71	19	9	22
26	22	31	7	90
50	22	40	40	42
15	22	39	39	5
73	71	22	10	27
57	22	50	24	82
27	71	17	1	50
42	22	45	22	80
22	22	69	69	48
31	22	69	69	23
8	71	71	71	56
82	71	42	20	56
12	71	21	21	34
7	71	9	15	56
44	71	6	16	82
75	71	9	15	3
79	71	68	68	49
20	52	25	25	49
49	71	10	45	21
64	71	6	16	50
34	22	44	89	42
37	22	36	3	72
1	71	27	94	27
98	71	58	28	65
20	22	75	75	91
9	22	27	17	57
64	71	6	16	50
34	22	44	89	42
37	22	36	3	50
1	71	27	94	27
98	71	58	28	65
20	22	75	75	91
85	22	39	39	90
70	71	31	7	6
24	71	8	0	49
73	22	55	97	82
98	22	62	62	66
98	22	43	87	22
80	71	64	31	82
73	71	36	3	82
73	22	34	34	3
70	71	31	7	6
26	71	30	30	49
66	22	1	14	21
3	71	50	24	27
75	71	13	55	25
41	22	33	33	11
16	71	40	40	20
0	95	53	53	6
19	71	45	22	80
31	71	16	27	19
75	71	71	71	56
96	71	42	20	56
7	71	57	57	48
7	71	57	57	56
20	22	1	14	21
12	22	1	81	23
82	71	1	81	56
20	71	1	14	56
96	71	9	15	56
96	22	19	9	22
26	71	38	38	49
73	22	29	29	82
64	71	22	10	15
96	71	54	54	49
21	71	22	10	82
45	71	67	67	82
3	71	50	24	33
38	22	0	50	27
64	71	67	67	50
73	22	33	33	25
73	71	64	31	27
68	71	70	70	82
74	71	50	24	27
69	95	6	41	82
27	71	49	49	50
47	71	0	80	50
65	71	65	65	51
66	71	21	21	82
7	22	24	11	49
20	71	25	25	86
98	22	62	62	40
24	22	28	96	90
83	71	18	18	28
89	22	24	11	49
49	71	21	21	21
68	22	13	55	49
98	22	8	0	64
10	71	28	47	49
98	71	16	93	82
2	71	70	70	82
37	22	36	3	50
34	71	58	28	57
5	71	45	22	80
12	71	1	14	21
73	71	36	3	82
73	22	64	31	3
26	71	31	7	90
98	22	43	87	40
31	71	16	27	19
7	22	69	69	48
96	71	42	20	56
96	71	42	20	56
7	22	57	57	48
49	71	21	21	7
12	71	1	14	21
96	71	1	14	49
12	71	1	14	49
73	22	26	26	82
89	22	72	72	22
73	71	35	35	82
41	22	27	17	80
73	22	44	89	82
27	71	59	59	3
74	22	26	26	27
79	22	32	32	3
26	22	38	38	19
73	22	14	12	82
29	113	39	39	34
3	22	15	58	33
49	71	1	14	21
98	71	1	81	49
26	71	72	72	64
50	71	54	54	57
37	22	29	29	27
37	71	50	24	27
98	22	8	0	64
89	22	58	28	57
7	22	24	11	28
73	22	34	34	82
73	22	35	35	86
10	22	27	17	57
37	71	50	24	27
80	71	14	12	82
3	71	49	49	82
3	71	15	58	33
49	71	21	21	84
70	71	52	52	82
75	71	50	24	27
70	22	58	28	3
96	71	32	32	50
65	95	65	65	51
70	22	31	7	82
22	71	9	91	49
96	22	9	15	49
96	22	42	20	56
20	22	35	35	86
0	22	53	53	30
75	22	2	82	1
73	22	14	12	82
73	22	29	29	3
49	22	21	21	7
73	22	14	12	82
73	22	29	29	3
49	22	21	21	7
84	71	69	69	56
98	22	39	39	90
8	71	23	5	25
73	22	74	74	27
19	52	22	10	25
20	71	25	25	86
68	22	13	55	27
65	71	65	65	51
88	71	32	32	6
47	71	49	49	27
42	22	45	22	80
49	71	10	45	20
98	8	4	86	66
26	71	31	7	90
61	22	18	18	28
12	71	1	14	82
13	71	1	81	49
7	71	57	57	56
96	22	42	20	49
56	22	1	81	49
86	22	1	81	49
12	71	1	81	49
24	22	28	96	90
49	71	21	21	7
18	71	78	78	50
98	22	4	4	40
75	71	49	49	25
3	71	50	24	27
73	22	64	31	27
73	71	22	10	27
59	22	52	52	50
28	22	18	18	28
12	71	48	48	75
12	22	48	48	49
75	71	9	91	49
12	71	48	48	21
75	71	64	31	3
20	71	42	20	56
20	71	73	36	86
75	71	22	10	25
82	71	9	15	56
49	22	71	71	64
49	71	21	21	21
61	22	9	15	49
58	22	61	61	44
89	71	16	27	57
22	22	9	91	6
86	22	57	57	48
89	22	18	18	28
86	22	18	18	48
86	22	18	18	48
86	95	18	18	6
86	71	18	18	48
61	22	18	18	48
86	22	18	18	48
86	22	18	18	48
86	71	18	18	48
86	22	18	18	6
86	22	18	18	48
86	71	18	18	49
86	22	18	18	48
86	22	18	18	47
86	71	18	18	48
86	22	18	18	49
86	71	18	18	49
86	22	18	18	49
86	95	18	18	48
86	22	18	18	48
86	22	18	18	48
86	22	18	18	49
86	22	18	18	48
43	22	48	48	49
96	71	19	9	49
12	71	1	14	83
86	22	9	15	56
84	71	9	15	75
61	22	9	15	49
73	22	26	26	82
73	22	35	35	65
57	71	15	43	82
98	22	56	13	57
79	22	61	61	58
95	22	27	94	36
96	22	19	9	5
82	71	42	20	47
52	22	76	76	52
98	22	78	78	21
73	71	29	29	82
1	71	14	12	82
39	71	42	20	56
13	71	1	81	21
12	71	1	14	21
73	71	14	12	82
50	71	58	28	18
23	71	7	64	73
24	22	28	47	90
26	22	31	7	90
98	22	43	87	22
64	71	23	5	25
32	71	67	67	49
20	22	35	35	65
80	71	5	19	3
74	71	0	50	25
38	71	54	54	65
37	71	36	3	82
23	22	7	42	82
89	22	44	89	6
42	22	45	22	80
74	71	2	6	65
74	22	41	83	27
74	71	41	83	27
96	71	19	9	78
20	71	25	25	86
11	71	20	56	67
49	71	1	14	21
66	71	16	27	49
89	52	72	72	6
28	22	47	23	79
73	71	14	12	82
24	22	28	47	82
26	22	38	38	19
96	71	48	48	49
73	71	14	12	82
73	22	14	88	27
24	22	28	47	49
27	71	17	1	50
0	22	40	40	6
64	71	22	10	27
80	71	68	68	3
5	22	45	22	3
24	22	28	47	49
96	71	48	48	49
43	3	24	11	21
98	71	4	4	40
75	71	2	82	6
89	71	11	2	49
32	22	11	2	49
70	71	52	52	49
73	22	56	13	65
47	22	2	6	59
73	71	22	10	82
64	71	6	16	56
20	22	75	75	91
38	22	0	80	82
50	22	14	12	82
21	71	22	10	50
73	22	14	12	82
73	22	35	35	3
80	71	39	39	90
49	71	48	48	3
68	71	13	55	25
61	71	77	77	28
47	71	13	44	27
83	71	6	41	25
73	22	13	44	25
79	71	32	32	50
65	22	65	65	51
74	71	50	24	33
51	71	31	7	3
75	71	25	25	86
10	22	56	13	53
98	71	4	4	9
26	71	79	79	61
24	22	31	7	49
73	22	26	26	82
73	22	35	35	65
57	71	15	43	82
98	22	56	13	57
79	22	61	61	58
95	22	27	94	36
96	22	19	9	5
82	71	42	20	47
52	22	76	76	52
98	22	78	78	21
50	22	44	89	82
73	71	74	74	27
3	22	13	55	27
20	22	73	36	74
7	22	69	69	56
73	71	35	35	86
89	22	13	55	82
68	22	6	41	82
13	22	1	81	40
84	71	1	81	82
96	22	19	9	49
2	71	6	41	27
55	22	0	50	12
5	71	27	17	40
27	71	17	1	25
73	71	14	12	82
73	22	14	88	50
73	71	33	33	27
73	22	3	85	65
40	22	55	97	82
3	71	22	10	27
73	22	22	10	27
75	71	2	6	82
12	71	21	21	34
7	71	9	15	56
26	22	38	38	49
38	71	23	5	25
73	71	74	74	27
80	22	39	39	82
98	22	4	4	42
26	71	72	72	61
50	22	1	81	21
82	22	1	81	56
20	71	19	9	22
96	22	1	81	49
58	22	63	63	44
20	22	1	81	56
73	22	29	29	27
21	71	22	10	25
50	22	44	89	65
73	22	35	35	65
55	22	70	70	27
37	71	50	24	27
98	22	4	4	40
18	71	51	51	50
73	22	29	29	27
21	71	22	10	25
23	22	50	24	82
73	22	55	8	82
98	71	4	4	40
7	71	57	57	56
3	71	70	70	27
73	22	26	26	82
73	22	35	35	86
37	22	36	3	72
73	71	22	10	27
7	22	69	69	28
75	22	60	60	40
3	71	50	24	27
22	71	9	91	48
75	71	71	71	84
98	22	4	86	66
75	22	60	60	40
38	22	23	5	82
74	22	41	83	72
74	71	2	82	6
38	22	54	54	47
27	71	17	1	50
50	22	15	43	50
23	71	40	40	6
23	22	7	64	33
23	22	7	42	57
10	22	6	16	50
59	71	52	52	49
9	71	45	22	80
67	22	50	24	36
67	71	33	33	3
73	22	35	35	82
79	71	40	40	6
11	71	20	95	17
96	22	42	20	49
67	71	16	27	47
82	22	9	15	56
12	71	21	21	21
24	22	28	47	90
21	71	23	5	82
21	71	22	10	82
64	71	22	10	50
37	71	36	3	82
64	71	69	69	6
19	71	22	10	25
75	71	49	49	25
75	71	49	49	82
19	71	49	49	25
65	71	37	37	50
96	71	9	15	56
68	22	13	55	49
38	22	23	5	27
44	71	55	8	82
57	22	44	89	88
73	71	22	10	27
75	71	49	49	82
26	22	38	38	19
26	71	72	72	61
3	71	15	58	33
70	22	3	84	6
79	71	52	52	6
96	22	1	14	49
61	22	24	11	28
75	71	48	48	49
31	22	69	69	49
21	71	22	10	25
19	22	74	74	27
80	22	48	48	90
64	71	33	33	82
80	71	14	12	82
80	71	14	12	82
73	22	22	10	86
73	71	33	33	33
83	22	47	23	79
43	71	24	11	49
46	71	18	18	6
70	71	67	67	49
64	71	22	10	25
23	22	7	42	50
88	71	32	32	44
77	71	59	59	3
26	52	38	38	49
70	22	11	2	25
19	22	11	2	3
64	71	22	10	25
75	71	2	82	25
70	71	8	0	21
23	22	7	42	50
7	22	9	15	48
89	22	32	32	82
77	71	59	59	3
27	71	17	1	50
80	71	64	31	90
19	71	71	71	40
24	22	13	55	27
74	71	2	6	65
20	71	25	25	86
65	71	65	65	51
79	71	32	32	44
0	71	53	53	6
0	22	53	53	30
0	71	53	53	30
74	71	41	83	30
79	71	40	40	30
0	22	32	32	30
95	71	27	94	20
24	22	28	47	49
24	71	8	0	64
98	22	8	0	34
96	71	21	21	34
80	71	48	48	3
89	71	72	72	64
7	71	24	11	56
41	22	75	75	41
28	22	16	93	6
98	71	43	87	40
2	71	70	70	27
27	71	50	24	50
73	22	35	35	27
73	71	22	10	82
13	71	16	27	82
26	22	38	38	19
73	22	55	8	82
26	71	28	47	90
80	71	43	87	64
98	22	60	60	40
20	71	73	36	74
75	71	42	20	56
49	22	21	21	21
42	22	45	22	80
74	22	50	24	27
12	71	21	21	52
37	71	15	43	82
73	22	29	29	82
89	22	58	28	49
86	22	24	11	49
98	22	43	87	3
85	22	39	39	90
24	22	28	47	90
34	22	14	12	49
73	22	29	29	82
55	22	29	29	27
73	22	56	13	15
50	22	56	13	57
49	71	24	11	7
89	22	24	11	49
96	71	48	48	49
20	22	19	9	22
72	71	20	56	26
20	71	25	25	86
43	71	6	16	88
60	22	58	28	18
98	71	43	87	64
23	22	50	24	73
27	71	15	58	27
13	71	16	27	82
73	22	34	34	3
86	22	9	15	48
75	71	11	2	49
26	71	38	38	49
26	22	38	38	64
49	71	28	47	49
75	71	49	49	82
10	71	15	58	80
41	22	35	35	50
27	71	17	1	50
3	71	6	41	25
38	52	70	70	27
69	22	6	41	12
74	71	0	50	6
86	22	54	54	49
26	71	31	7	19
44	52	6	16	82
26	71	38	38	49
80	71	11	2	82
28	71	47	23	28
2	71	70	70	27
2	52	70	70	27
37	71	36	3	82
74	22	50	24	27
80	71	49	49	3
82	71	9	15	56
49	71	9	15	23
7	71	42	20	56
20	22	19	9	49
80	22	48	48	19
61	22	42	20	56
64	71	22	10	82
3	22	50	24	25
75	71	32	32	6
74	71	41	83	6
73	22	74	74	3
73	71	42	20	56
2	22	29	29	82
64	71	22	10	25
73	22	22	10	50
10	22	67	67	50
3	22	50	24	3
37	71	17	1	33
7	22	69	69	48
66	22	21	21	61
20	22	75	75	22
86	22	47	23	28
73	22	55	97	82
98	71	43	87	22
73	71	36	3	82
59	71	52	52	6
73	71	34	34	3
70	71	31	7	6
66	71	1	14	21
3	71	50	24	50
75	71	45	22	80
32	71	11	2	82
55	22	0	50	82
38	71	13	55	25
36	71	17	1	50
24	71	31	7	19
50	22	44	89	35
24	22	28	96	90
73	22	55	8	82
21	71	23	5	25
7	22	69	69	48
12	22	48	48	56
73	71	15	43	82
73	22	35	35	82
86	22	24	11	49
96	71	69	69	56
26	71	38	38	90
75	71	48	48	6
75	71	22	10	27
80	71	64	31	3
80	71	14	12	82
20	71	25	25	86
68	22	13	55	27
3	71	50	24	50
42	22	45	22	80
18	71	71	71	23
49	71	10	45	20
26	71	31	7	19
61	22	18	18	28
24	71	28	47	49
49	22	21	21	7
75	71	42	20	56
68	22	3	84	6
69	71	6	41	6
51	22	31	7	90
26	71	38	38	90
24	22	28	96	90
73	22	29	29	82
73	22	35	35	65
92	71	30	30	52
57	71	15	43	65
26	71	38	38	49
73	71	14	12	82
20	22	34	34	3
24	71	28	47	82
24	71	2	6	1
20	22	75	75	6
74	71	41	83	72
83	71	47	23	21
92	71	30	30	50
0	71	53	53	6
1	22	16	93	56
73	22	55	8	82
98	22	4	4	70
96	22	19	9	48
66	22	21	21	7
92	71	30	30	49
92	71	30	30	52
89	22	72	72	64
96	71	2	82	6
3	71	50	24	25
73	22	29	29	27
73	22	35	35	27
12	22	69	69	56
70	22	3	85	82
75	71	49	49	82
73	71	14	12	82
73	71	29	29	82
80	71	5	90	3
73	22	36	3	50
37	71	36	3	50
26	71	38	38	49
61	22	77	77	28
89	71	40	40	6
0	71	13	55	6
74	71	50	24	27
96	71	69	69	56
49	22	69	69	49
96	71	42	20	56
96	22	9	15	56
75	22	71	71	49
24	22	28	47	19
80	22	8	0	49
98	8	4	4	40
20	71	25	25	86
24	22	27	17	21
62	22	45	22	6
37	22	0	50	82
20	22	25	25	86
64	71	33	33	82
73	22	22	10	27
98	22	75	75	22
73	22	74	74	27
89	71	16	27	57
86	71	42	20	82
50	22	42	20	82
18	71	42	20	21
86	71	42	20	28
50	22	42	20	56
13	71	24	11	75
86	71	18	18	70
86	22	18	18	49
96	71	42	20	56
98	71	43	87	42
73	71	26	26	82
73	22	15	58	33
20	71	25	25	86
73	71	23	5	82
1	71	14	12	22
23	22	7	42	50
95	71	27	94	82
26	71	38	38	90
68	71	13	55	27
75	71	71	71	23
26	22	31	7	19
82	71	16	27	82
24	22	28	96	90
75	71	42	20	56
68	22	3	84	6
96	22	9	15	40
51	22	31	7	90
24	22	28	96	90
73	22	26	26	82
73	22	35	35	65
73	22	15	58	65
98	22	56	13	57
36	71	33	33	73
89	71	16	93	57
18	71	78	78	3
73	22	26	26	82
73	22	35	35	65
57	71	15	43	82
64	71	33	33	50
98	22	19	9	5
82	71	42	20	47
52	22	76	76	52
98	22	62	62	40
18	22	78	78	6
73	22	26	26	82
73	22	35	35	65
57	71	15	43	82
64	71	33	33	50
98	22	19	9	5
82	71	42	20	47
52	22	76	76	52
98	22	62	62	40
18	22	78	78	6
73	22	14	88	82
73	22	55	97	82
38	22	44	89	82
73	52	15	43	65
12	22	69	69	49
2	71	70	70	27
50	22	4	4	66
89	71	14	12	27
68	71	3	84	6
73	71	15	43	65
98	22	39	39	90
20	22	73	36	11
50	22	58	28	49
7	71	69	69	56
26	22	72	72	65
95	22	56	13	15
50	22	13	55	65
85	22	39	39	90
24	22	28	47	19
89	22	11	2	82
75	71	50	24	27
49	22	48	48	84
80	71	16	93	3
29	113	39	39	34
75	71	2	82	1
49	71	1	14	21
21	71	23	5	25
73	22	34	34	3
73	71	64	31	3
26	22	31	7	49
20	71	25	25	3
67	22	42	20	4
74	71	2	82	6
78	22	0	50	82
65	71	32	32	50
49	22	79	79	7
98	22	48	48	64
12	71	48	48	23
73	22	39	39	90
50	22	4	4	9
24	22	28	47	49
11	71	20	95	67
72	71	20	56	17
12	71	48	48	47
26	22	38	38	19
73	71	14	12	82
19	71	46	46	25
80	22	34	34	3
24	22	28	47	82
64	71	22	10	50
64	71	33	33	15
79	22	61	61	58
73	71	26	26	36
57	71	6	16	82
67	71	9	15	23
36	22	17	1	50
42	22	45	22	80
75	71	2	6	50
12	22	2	6	20
96	22	19	9	5
20	22	73	36	86
82	71	42	20	47
52	22	76	76	52
61	22	77	77	28
98	22	62	62	40
18	71	78	78	50
80	71	14	12	3
61	71	47	23	28
21	71	26	26	82
89	71	52	52	6
10	22	26	26	82
20	71	25	25	86
49	71	24	11	49
73	71	22	10	82
37	22	0	50	82
73	71	23	5	27
80	71	22	10	82
73	71	22	10	50
21	71	67	67	6
73	71	34	34	82
74	71	50	24	27
89	71	14	12	82
7	22	69	69	48
73	22	26	26	82
73	22	35	35	65
18	71	78	78	50
98	22	62	62	40
7	71	42	20	56
73	22	14	88	82
73	22	35	35	82
3	71	50	24	27
73	22	55	97	82
18	71	78	78	50
98	22	62	62	40
2	22	23	5	27
73	71	14	12	82
3	71	50	24	82
26	22	38	38	64
20	22	73	36	74
95	71	2	6	65
49	22	21	21	7
83	22	18	18	28
39	22	69	69	56
12	71	48	48	75
12	22	1	14	49
36	71	36	3	59
73	71	33	33	33
86	71	57	57	48
43	71	27	17	53
98	8	4	86	66
3	71	50	24	27
73	22	35	35	82
24	71	11	2	82
75	22	71	71	28
92	71	30	30	50
26	71	38	38	49
73	22	29	29	27
73	22	27	17	82
37	71	36	3	50
37	71	17	1	33
66	71	69	69	34
86	22	47	23	28
73	71	16	93	82
50	22	44	89	57
73	71	22	10	27
73	71	36	3	50
21	71	46	46	6
95	71	27	94	36
83	22	47	23	60
73	22	22	10	27
37	71	36	3	82
3	71	6	41	82
80	71	48	48	49
21	71	67	67	82
12	22	69	69	56
3	71	50	24	27
64	71	22	10	82
42	71	45	22	80
28	22	47	23	28
42	71	45	22	80
94	22	37	37	50
75	71	42	20	56
75	71	9	15	82
67	71	9	15	23
24	71	28	47	49
18	71	51	51	49
79	71	61	61	58
20	71	75	75	6
95	71	27	94	72
95	71	47	23	21
0	71	53	53	6
96	71	16	93	49
73	22	55	8	82
50	22	4	4	42
96	22	19	9	48
66	22	21	21	7
92	71	30	30	52
68	71	3	84	6
73	71	15	43	65
98	22	39	39	90
20	22	73	36	11
50	22	58	28	49
3	71	50	24	27
82	71	30	30	49
61	71	47	23	28
20	71	25	25	86
49	71	24	11	49
24	22	79	79	61
24	71	8	0	49
13	22	60	60	40
1	22	14	88	27
50	22	56	13	57
57	22	6	16	13
68	71	70	70	27
38	71	54	54	6
10	71	45	22	53
59	52	68	68	3
73	52	15	43	65
20	22	25	25	86
28	71	47	23	79
49	22	24	11	49
98	22	43	87	3
49	22	24	11	20
38	71	23	5	25
64	71	22	10	25
59	71	68	68	3
73	71	74	74	82
73	71	55	8	82
73	22	55	8	82
24	22	28	47	57
23	22	7	42	50
55	22	6	16	82
84	71	19	9	49
74	71	0	50	27
23	22	7	64	33
74	22	41	83	72
43	71	66	66	12
7	71	57	57	56
96	71	42	20	56
75	71	10	92	6
80	22	48	48	90
75	71	10	92	6
98	22	47	23	6
61	71	77	77	28
38	22	13	55	25
38	71	13	55	25
38	71	33	33	82
36	71	36	3	82
64	71	33	33	50
43	71	21	21	61
12	22	24	11	47
20	71	75	75	22
49	22	24	11	49
64	71	6	16	50
20	71	25	25	86
24	22	28	96	19
21	71	23	5	82
21	71	22	10	82
64	71	22	10	50
37	71	36	3	82
64	71	69	69	6
73	22	14	88	82
73	22	55	8	82
74	71	50	24	27
21	71	46	46	50
26	71	28	47	90
12	71	69	69	23
80	71	43	87	3
98	22	43	87	64
96	71	54	54	49
3	22	72	72	27
95	71	27	17	82
41	22	27	17	50
1	71	14	12	82
98	22	43	87	64
96	71	54	54	49
3	22	72	72	27
95	71	27	17	82
41	22	27	17	50
70	22	34	34	3
38	71	52	52	50
75	71	67	67	3
20	71	25	25	49
73	71	15	58	82
12	22	69	69	56
73	22	55	97	82
32	71	26	26	65
73	22	35	35	65
20	22	73	36	74
74	71	2	6	65
98	22	43	87	42
49	71	21	21	61
24	22	28	47	49
45	71	67	67	80
73	71	29	29	82
31	71	76	76	3
3	22	20	56	13
49	71	21	21	21
52	71	24	11	52
99	71	51	51	21
98	22	60	60	40
67	71	26	26	82
73	22	29	29	82
73	22	35	35	86
73	52	15	43	65
21	71	23	5	25
3	71	50	24	27
73	71	34	34	27
73	71	64	31	82
0	71	2	82	6
20	71	19	9	22
27	71	49	49	50
24	22	28	47	49
65	22	65	65	51
94	22	37	37	49
75	22	2	82	1
0	71	53	53	30
79	22	40	40	49
20	71	73	36	74
89	22	8	0	22
49	71	79	79	21
73	22	29	29	27
73	71	55	97	82
73	22	35	35	82
73	22	74	74	27
13	22	60	60	40
73	22	34	34	82
57	22	6	16	13
68	71	70	70	27
38	71	54	54	6
10	71	45	22	53
59	64	68	68	3
73	52	15	43	65
20	22	25	25	86
28	71	47	23	79
98	22	43	87	3
49	22	24	11	20
80	71	14	12	82
20	22	35	35	27
64	71	22	10	82
7	22	9	15	56
73	71	15	43	65
70	71	48	48	49
89	22	11	2	3
18	71	10	92	14
73	22	22	10	82
28	22	47	23	28
20	22	73	36	11
92	71	30	30	52
31	71	76	76	47
73	71	15	43	65
70	71	48	48	49
89	22	11	2	3
18	71	10	92	14
73	22	22	10	82
28	22	47	23	28
20	22	73	36	11
92	71	30	30	52
31	71	76	76	47
7	22	69	69	48
73	22	29	29	27
24	22	28	47	90
74	71	67	67	65
73	22	35	35	82
50	22	56	13	57
7	22	69	69	48
20	71	66	66	82
73	71	14	12	82
73	22	56	13	50
24	71	28	47	49
75	71	28	47	50
75	71	67	67	59
96	22	9	15	48
24	22	28	47	90
74	71	41	83	72
83	71	47	23	21
92	71	30	30	50
0	71	53	53	6
1	22	16	93	56
73	71	29	29	82
98	22	4	4	70
96	22	19	9	48
92	71	30	30	49
20	71	75	75	6
27	22	33	33	50
96	22	19	9	48
71	22	78	78	57
28	71	47	23	56
73	71	22	10	27
73	71	36	3	50
21	71	46	46	6
95	71	27	94	36
83	22	47	23	60
32	71	16	27	49
43	71	66	66	23
73	71	12	73	82
38	71	23	5	27
38	71	13	44	25
64	71	46	46	50
21	71	22	10	27
73	22	55	97	65
67	71	13	55	25
73	22	74	74	27
80	71	49	49	82
74	71	53	53	27
74	22	0	50	27
88	22	63	63	44
27	71	17	1	50
94	22	37	37	50
64	71	32	32	50
94	22	37	37	3
23	22	7	42	33
42	22	45	22	80
53	22	44	89	82
70	22	13	44	90
98	22	62	62	66
82	71	9	15	47
20	22	16	93	74
22	95	9	91	49
80	71	42	20	56
86	22	18	18	6
86	22	42	20	49
86	22	42	20	83
50	22	58	28	6
86	71	57	57	48
44	71	42	20	75
67	71	9	15	47
86	22	18	18	49
20	71	25	25	74
28	22	47	23	46
49	71	21	21	21
24	22	28	47	90
12	22	69	69	3
73	22	26	26	82
24	22	15	58	33
61	71	47	23	49
61	71	47	23	49
61	22	77	77	28
20	71	25	25	86
0	71	53	53	30
96	71	9	15	49
38	22	14	12	82
80	22	16	93	65
73	22	35	35	82
4	99	31	7	76
98	22	8	0	90
51	22	31	7	43
89	71	16	93	49
68	71	2	6	65
64	71	2	6	25
74	71	2	6	65
75	71	67	67	6
74	71	41	83	27
34	22	40	40	44
79	22	40	40	63
79	22	40	40	6
74	22	41	83	82
58	22	63	63	30
74	22	41	83	27
98	71	58	28	49
88	71	40	40	44
61	71	19	9	28
67	71	27	94	6
61	22	18	18	48
80	71	25	25	82
49	71	79	79	61
24	22	28	47	90
89	71	58	28	49
73	22	14	88	82
73	22	55	8	82
74	71	50	24	27
73	22	29	29	82
21	22	14	12	82
38	71	13	55	25
89	52	16	93	19
73	22	55	8	27
7	22	69	69	28
73	71	5	19	33
73	71	64	31	27
72	22	20	56	13
93	71	48	48	82
0	71	53	53	30
49	22	69	69	21
70	22	60	60	40
19	71	71	71	86
24	71	49	49	1
51	71	28	47	90
23	71	32	32	82
72	22	27	94	27
77	22	59	59	3
75	71	49	49	56
42	71	45	22	80
64	71	22	10	27
26	22	31	7	90
24	22	28	96	90
73	71	35	35	82
43	71	24	11	20
50	22	44	89	9
24	22	28	47	1
74	71	67	67	65
12	71	1	14	49
24	22	28	47	1
74	71	67	67	65
12	71	1	14	49
19	71	71	71	56
64	22	23	5	25
73	71	34	34	27
75	22	11	2	3
21	71	22	10	82
74	71	2	6	65
0	71	2	82	1
47	71	2	6	59
42	22	45	22	80
12	71	48	48	49
24	22	28	47	49
24	22	28	96	90
80	71	8	0	38
80	71	8	0	38
70	22	31	7	90
21	71	67	67	80
25	71	51	51	49
49	71	21	21	84
47	71	0	80	50
21	71	23	5	25
18	71	78	78	50
73	71	35	35	3
73	22	34	34	3
80	71	5	90	3
12	71	24	11	49
83	22	47	23	28
73	22	29	29	82
36	71	17	1	50
70	71	3	85	49
73	22	35	35	27
74	71	50	24	27
20	71	1	81	6
26	71	79	79	61
73	22	55	97	82
70	52	43	87	3
64	71	33	33	82
19	22	50	24	50
23	71	32	32	33
8	71	71	71	6
96	22	19	9	22
96	22	19	9	84
12	71	19	9	75
75	71	71	71	56
32	71	71	71	49
26	22	79	79	61
24	22	28	47	49
7	22	42	20	56
89	71	52	52	82
32	71	16	93	82
0	22	53	53	30
20	22	35	35	82
77	71	59	59	50
89	22	72	72	6
61	71	42	20	56
28	71	16	93	49
38	71	55	8	82
1	22	27	17	57
85	22	3	85	6
1	52	76	76	49
74	22	50	24	27
73	22	26	26	82
86	71	30	30	28
73	22	29	29	82
73	22	35	35	82
73	22	74	74	82
73	22	22	10	82
26	22	72	72	64
88	71	40	40	44
73	71	29	29	82
73	22	35	35	27
49	71	21	21	84
49	71	24	11	49
61	71	47	23	28
75	71	69	69	23
20	22	25	25	22
24	22	15	58	33
13	71	9	15	3
49	22	28	47	49
73	71	55	8	82
80	52	5	90	82
73	71	3	85	65
73	52	15	43	65
12	71	48	48	75
70	22	19	9	49
96	71	19	9	49
20	22	1	81	49
70	71	48	48	49
12	22	24	11	49
18	71	10	92	50
28	22	47	23	28
83	22	13	55	13
20	71	25	25	74
80	22	5	19	86
75	71	2	6	59
94	22	37	37	51
0	71	53	53	30
75	71	24	11	47
31	71	76	76	47
73	22	14	88	82
73	22	55	8	82
74	71	50	24	27
73	22	35	35	86
64	22	55	8	6
20	71	73	36	74
64	71	33	33	82
59	22	68	68	3
89	22	72	72	49
70	34	5	90	3
78	22	9	15	52
73	71	16	93	3
20	22	1	81	82
78	71	5	90	82
89	71	3	85	82
64	71	22	10	82
73	22	29	29	82
73	22	74	74	27
79	71	68	68	3
21	71	56	13	6
20	22	73	36	74
39	71	42	20	56
6	22	27	17	57
73	22	50	24	82
88	71	32	32	51
50	22	4	4	42
73	71	22	10	82
23	22	7	42	27
74	71	41	83	27
73	71	35	35	82
50	22	56	13	57
64	71	33	33	50
73	22	74	74	27
73	22	64	31	3
27	71	17	1	50
26	71	38	38	64
49	22	24	11	7
49	22	24	11	49
99	71	8	0	22
75	71	4	4	40
59	71	11	2	3
3	71	15	58	65
74	71	50	24	27
37	71	50	24	82
36	71	17	1	50
37	71	15	43	50
27	71	17	1	50
38	52	0	80	50
47	71	17	1	50
47	71	0	80	50
23	71	7	64	33
37	22	0	80	50
75	71	2	82	17
20	71	25	25	86
73	71	22	10	82
73	22	27	17	27
3	22	23	5	27
73	22	14	12	3
43	71	66	66	3
75	22	40	40	3
88	22	40	40	22
65	22	32	32	6
73	22	27	17	50
82	22	1	81	50
98	22	4	4	42
49	22	24	11	49
61	22	18	18	28
24	22	2	6	65
75	71	6	41	59
24	22	28	96	1
55	22	0	50	82
38	71	13	55	25
36	71	17	1	50
24	71	31	7	19
50	22	44	89	35
24	22	28	96	90
73	22	26	26	82
73	22	35	35	65
57	71	15	43	82
64	71	33	33	50
98	22	19	9	5
82	71	42	20	47
52	22	76	76	52
98	22	62	62	40
18	22	78	78	6
64	71	67	67	6
3	22	22	10	25
73	71	34	34	27
64	71	33	33	82
28	22	47	23	28
75	71	49	49	27
49	71	24	11	7
80	22	25	25	86
98	22	29	29	82
64	71	22	10	27
61	22	77	77	48
7	71	2	82	48
75	71	13	44	25
50	22	56	13	50
74	22	41	83	72
34	71	58	28	57
74	71	6	41	27
50	22	56	13	57
3	71	6	41	27
73	71	55	8	86
89	71	72	72	49
49	71	48	48	22
66	71	1	14	21
89	22	18	18	28
73	22	11	2	25
80	71	14	12	82
21	71	67	67	50
21	71	46	46	6
70	71	68	68	3
50	22	56	13	57
59	71	52	52	6
98	22	62	62	40
86	71	54	54	49
73	71	64	31	27
2	71	70	70	27
7	22	69	69	56
96	22	69	69	56
96	71	42	20	56
50	22	14	12	82
59	71	52	52	6
96	71	1	14	56
12	71	48	48	56
66	71	1	81	75
36	71	17	1	50
41	22	27	94	45
20	22	5	19	49
20	71	25	25	86
73	71	50	24	27
21	71	55	8	6
47	71	2	6	50
49	71	10	45	20
30	22	76	76	52
70	22	48	48	6
98	22	43	87	64
70	22	3	84	6
24	71	28	47	90
64	71	22	10	82
64	71	22	10	82
43	71	66	66	12
52	22	76	76	49
12	71	21	21	49
88	71	32	32	6
32	71	51	51	6
32	71	51	51	3
32	99	58	28	49
99	71	8	0	22
21	71	23	5	25
1	59	50	24	82
36	71	66	66	50
18	71	78	78	50
0	71	40	40	44
80	71	5	90	3
42	22	45	22	2
11	71	20	95	17
75	71	32	32	51
12	71	69	69	3
28	22	47	23	28
20	71	25	25	86
49	71	21	21	34
94	22	37	37	59
68	71	13	55	23
24	22	28	47	49
73	71	14	12	82
24	22	28	47	82
64	71	56	13	82
57	71	6	16	65
27	71	17	1	50
23	22	33	33	33
42	22	45	22	80
20	71	25	25	86
23	22	7	42	50
75	71	71	71	25
24	71	28	47	90
64	71	22	10	50
64	71	22	10	50
43	71	66	66	12
52	22	76	76	49
12	71	21	21	49
80	22	14	12	49
21	71	67	67	82
73	71	14	12	82
68	22	3	84	6
20	22	39	39	49
26	22	31	7	19
12	71	69	69	49
61	71	47	23	49
96	22	69	69	56
74	22	41	83	27
80	71	28	47	82
75	71	22	10	25
86	22	30	30	49
49	71	72	72	61
47	22	36	3	50
34	71	58	28	57
42	22	45	22	2
20	22	1	14	21
64	22	56	13	57
92	71	30	30	49
73	22	34	34	3
28	22	47	23	49
58	22	63	63	6
38	71	6	41	25
95	71	6	41	72
74	71	6	41	72
98	22	4	4	70
98	22	39	39	18
73	22	11	2	25
80	71	14	12	82
21	71	67	67	50
21	71	46	46	6
70	71	68	68	3
50	22	56	13	57
59	71	52	52	6
98	22	62	62	40
86	71	54	54	49
73	71	64	31	27
2	71	70	70	27
7	22	69	69	56
96	22	69	69	56
96	71	42	20	56
57	71	15	43	82
36	71	17	1	50
73	22	22	10	25
80	71	64	31	90
75	71	2	82	25
73	71	25	25	82
64	71	22	10	50
36	22	66	66	22
47	22	17	1	49
27	71	9	15	50
64	22	36	3	65
47	22	0	80	49
64	71	6	16	50
65	71	65	65	51
94	71	37	37	59
65	22	32	32	33
24	22	28	47	3
75	22	6	41	4
83	71	47	23	28
74	71	40	40	1
72	71	20	56	26
75	71	2	82	49
0	71	53	53	30
0	95	53	53	30
58	71	63	63	22
24	22	2	6	1
43	71	72	72	21
84	71	66	66	47
7	71	57	57	56
7	71	71	71	56
22	22	57	57	48
22	71	57	57	48
70	71	48	48	49
12	71	21	21	34
49	22	24	11	47
49	71	24	11	21
49	71	28	47	84
80	22	5	19	3
24	22	8	0	64
92	71	30	30	50
82	71	9	15	47
44	71	6	16	82
38	71	22	10	82
21	71	67	67	50
21	71	23	5	25
64	22	15	58	25
65	22	32	32	49
3	71	49	49	50
20	22	19	9	22
80	71	64	31	3
24	71	28	47	49
7	22	69	69	48
20	71	25	25	49
65	71	65	65	51
24	22	28	47	1
49	71	79	79	61
50	22	7	42	79
73	71	6	16	82
83	71	6	41	82
51	22	31	7	90
73	22	34	34	6
50	71	44	89	82
73	71	55	8	82
73	22	55	8	27
73	22	74	74	27
73	22	64	31	82
73	22	22	10	82
73	71	33	33	82
80	71	15	58	82
73	71	64	31	27
11	22	20	56	13
73	71	44	89	82
64	71	23	5	27
73	22	56	13	65
75	71	42	20	82
20	71	25	25	3
73	22	35	35	65
89	22	16	93	56
38	22	0	50	49
88	71	40	40	6
73	22	15	58	80
88	22	40	40	6
0	95	53	53	30
3	95	13	44	25
50	22	44	89	18
7	71	9	15	56
18	71	51	51	3
24	22	78	78	40
83	22	47	23	28
0	71	41	83	6
73	22	22	10	82
18	71	9	15	56
73	71	1	81	49
20	22	25	25	22
20	71	1	14	22
20	22	73	36	86
24	22	28	47	90
36	71	66	66	50
86	22	54	54	25
11	71	20	95	17
75	22	11	2	3
73	22	55	97	82
50	22	14	12	57
73	71	36	3	82
73	22	64	31	27
26	71	31	7	49
66	71	1	14	21
3	71	50	24	27
42	71	45	22	80
95	22	56	13	5
50	22	4	4	66
96	71	19	9	49
20	71	25	25	86
20	22	25	25	22
24	22	37	37	25
3	71	50	24	27
24	22	28	47	49
49	22	28	47	84
74	71	2	6	70
70	71	71	71	49
49	71	4	4	70
96	22	19	9	28
28	22	47	23	28
11	71	20	95	17
98	22	8	0	49
49	22	21	21	21
24	22	28	96	38
89	71	14	12	82
73	71	23	5	27
66	71	27	17	47
65	22	32	32	49
89	22	32	32	3
98	22	60	60	40
24	22	28	47	90
19	71	69	69	3
24	22	2	6	1
64	71	23	5	25
24	22	15	58	33
61	71	47	23	28
80	22	14	12	49
73	71	14	12	82
61	22	77	77	28
26	22	48	48	22
12	71	1	14	49
73	22	26	26	82
73	22	35	35	82
70	22	5	90	49
73	71	5	90	50
5	22	27	17	5
7	22	69	69	56
12	22	1	14	49
80	71	21	21	82
24	22	2	6	1
64	71	23	5	25
24	22	15	58	33
73	22	29	29	27
96	22	4	4	49
73	71	36	3	82
59	71	52	52	6
73	71	64	31	27
70	71	31	7	6
66	71	1	14	21
75	71	50	24	50
12	71	48	48	56
67	71	9	15	47
82	71	40	40	6
82	71	13	55	56
28	22	47	23	28
70	71	68	68	3
3	71	13	55	27
96	71	9	15	47
24	22	28	47	21
49	22	72	72	21
52	22	23	5	27
12	71	71	71	56
64	22	22	10	22
44	71	6	16	57
37	22	13	55	82
1	71	22	10	49
50	22	44	89	18
80	71	34	34	3
73	22	74	74	27
20	22	73	36	74
11	22	6	41	25
11	22	20	95	13
1	22	0	80	20
38	71	23	5	25
73	22	22	10	82
21	71	3	85	50
73	71	36	3	50
96	71	2	82	25
74	71	6	41	27
38	71	6	41	27
73	71	74	74	3
80	71	55	8	82
98	71	47	23	49
49	71	48	48	22
34	71	58	28	63
89	71	58	28	21
66	71	1	14	21
73	22	11	2	25
80	71	14	12	82
21	71	67	67	50
21	71	46	46	6
70	71	68	68	3
50	22	56	13	57
59	71	52	52	6
98	22	62	62	40
86	71	54	54	49
73	71	64	31	27
2	71	70	70	27
7	22	69	69	56
96	22	69	69	56
96	71	42	20	56
70	22	58	28	6
98	99	4	4	66
18	71	8	0	49
46	71	51	51	6
21	71	27	17	80
73	22	14	12	82
73	71	29	29	82
79	64	52	52	6
80	22	5	90	49
12	22	69	69	49
75	71	49	49	3
26	71	38	38	49
37	22	36	3	50
73	71	36	3	82
20	71	1	14	21
73	22	64	31	3
73	22	29	29	82
18	71	78	78	50
21	71	67	67	82
64	71	33	33	50
50	22	44	89	65
73	22	74	74	27
98	71	43	87	64
95	52	12	99	6
98	22	4	86	66
3	71	15	58	65
75	71	2	82	1
37	71	36	3	65
95	71	6	41	82
3	71	50	24	27
61	22	77	77	28
96	71	48	48	21
86	22	18	18	49
82	71	42	20	56
86	71	57	57	56
86	22	57	57	48
22	22	57	57	48
86	71	9	15	48
49	71	21	21	21
94	71	2	6	50
98	22	4	4	40
59	22	68	68	49
78	71	9	15	49
73	71	22	10	82
92	71	30	30	50
44	71	6	16	82
50	22	56	13	82
19	22	71	71	40
73	71	14	12	82
73	22	55	8	82
80	22	5	90	49
20	71	25	25	22
65	22	32	32	73
24	71	49	49	82
74	22	41	83	27
11	71	20	56	13
79	22	32	32	6
80	71	43	87	90
26	71	26	26	3
49	71	24	11	49
12	22	24	11	49
39	22	57	57	48
7	52	57	57	56
7	22	57	57	56
7	22	57	57	56
96	71	69	69	49
20	71	1	81	82
7	22	42	20	56
7	71	42	20	56
82	71	42	20	56
92	71	51	51	49
32	71	78	78	49
89	22	24	11	49
27	71	49	49	50
91	22	8	0	22
75	71	13	55	50
31	71	76	76	52
99	22	21	21	49
21	71	22	10	50
73	71	22	10	82
68	71	13	55	6
20	22	25	25	86
73	22	29	29	82
21	71	67	67	50
64	71	33	33	50
50	22	44	89	65
73	22	74	74	27
18	71	78	78	50
98	71	43	87	3
95	52	12	99	6
98	22	4	86	66
38	22	0	50	30
3	71	15	58	65
75	71	2	82	1
37	71	36	3	65
95	71	6	41	82
3	71	50	24	27
42	22	45	22	80
61	22	77	77	28
96	71	48	48	21
86	22	18	18	49
12	71	48	48	48
86	22	57	57	48
61	22	13	55	6
49	22	79	79	61
49	71	24	11	21
49	71	21	21	21
73	22	29	29	82
21	71	67	67	50
64	71	33	33	50
50	22	44	89	65
73	22	74	74	27
18	71	78	78	50
98	71	43	87	3
95	52	12	99	6
98	22	4	86	66
38	22	0	50	30
3	71	15	58	65
75	71	2	82	1
37	71	36	3	65
95	71	6	41	82
3	71	50	24	27
42	22	45	22	80
61	22	77	77	28
49	71	48	48	21
86	22	18	18	49
12	71	48	48	48
86	22	57	57	48
61	22	13	55	6
49	22	79	79	61
49	22	24	11	7
49	71	21	21	21
75	22	71	71	1
75	71	8	0	49
12	22	71	71	49
24	71	8	0	49
26	71	79	79	21
24	22	28	47	1
24	22	28	47	90
23	22	7	42	33
23	22	7	64	33
37	71	15	43	72
37	22	0	50	85
74	22	41	83	27
89	71	16	93	65
73	71	22	10	82
56	22	47	23	28
18	71	78	78	50
19	71	57	57	56
20	71	42	20	56
0	71	53	53	6
0	71	53	53	30
21	71	23	5	25
23	71	32	32	33
96	22	48	48	49
22	71	57	57	56
27	71	17	1	50
20	22	19	9	22
70	71	68	68	3
49	71	21	21	21
73	71	22	10	27
86	71	69	69	49
98	22	58	28	49
68	22	13	55	28
24	22	28	47	49
72	71	20	56	26
80	71	5	90	3
73	22	29	29	27
73	71	15	58	82
89	22	11	2	82
64	71	22	10	25
18	71	56	13	82
75	71	2	82	6
80	22	64	31	27
64	22	33	33	15
68	71	50	24	23
27	22	17	1	50
23	71	32	32	50
20	71	25	25	74
39	71	69	69	56
65	22	65	65	51
88	22	40	40	6
0	71	53	53	30
89	71	16	93	82
83	71	47	23	28
26	22	31	7	38
1	22	14	12	82
73	22	14	12	82
32	71	67	67	6
50	22	56	13	57
86	71	54	54	49
42	22	45	22	57
73	22	74	74	27
74	22	41	83	72
66	71	16	93	82
12	22	71	71	49
19	22	71	71	3
25	71	51	51	49
75	22	60	60	40
24	71	28	47	90
64	71	22	10	82
73	71	6	16	82
95	71	67	67	50
64	71	22	10	82
67	71	22	10	82
73	71	14	12	82
83	22	47	23	28
75	71	45	22	80
64	71	28	47	50
19	22	58	28	3
74	71	41	83	27
0	71	53	53	30
16	71	40	40	20
64	71	46	46	50
89	71	16	93	82
82	71	9	15	48
12	71	71	71	56
20	71	42	20	56
12	71	24	11	21
12	22	24	11	49
7	71	71	71	56
73	71	15	58	33
20	22	34	34	3
80	71	64	31	82
50	22	56	13	57
73	22	26	26	82
5	71	33	33	3
80	71	64	31	82
80	71	5	19	49
20	71	25	25	86
32	71	67	67	6
41	71	2	6	26
3	22	49	49	25
94	71	37	37	50
42	71	45	22	80
96	71	19	9	12
12	71	21	21	21
28	22	47	23	28
11	22	20	95	13
24	71	8	0	90
26	22	38	38	64
3	22	49	49	25
27	71	17	1	50
80	71	5	19	49
3	71	15	58	33
94	71	37	37	50
1	22	14	12	82
96	71	1	14	6
12	71	1	14	21
28	22	47	23	28
24	71	49	49	82
73	71	14	12	82
27	71	50	24	27
47	71	2	6	59
36	71	66	66	12
20	22	35	35	82
80	71	5	19	3
38	22	7	42	6
65	22	65	65	51
65	71	37	37	51
74	71	2	6	65
74	71	41	83	27
0	71	2	82	6
0	71	58	28	6
13	71	19	9	12
2	22	70	70	27
75	71	15	58	82
2	71	70	70	27
12	71	10	45	20
20	71	25	25	86
66	71	8	0	38
32	71	67	67	3
42	71	45	22	80
74	71	2	6	6
49	71	72	72	64
95	71	67	67	59
20	71	73	36	11
18	22	78	78	50
3	71	50	24	27
82	71	9	15	56
89	71	76	76	47
42	71	45	22	80
89	71	4	4	70
75	71	71	71	49
70	71	68	68	49
73	22	14	88	82
32	22	67	67	6
20	22	34	34	3
73	22	55	8	27
36	71	17	1	50
64	71	66	66	50
66	22	21	21	7
12	22	28	47	3
49	22	21	21	49
86	22	18	18	49
38	71	46	46	50
26	71	8	0	49
12	22	24	11	49
75	71	28	47	49
96	22	60	60	40
70	71	31	7	82
73	22	29	29	82
50	22	14	12	57
73	71	36	3	82
73	22	34	34	3
26	71	31	7	49
23	22	7	42	50
20	22	75	75	22
3	71	50	24	27
42	71	45	22	2
95	22	56	13	5
50	22	4	4	66
64	71	6	16	25
82	125	9	15	48
18	71	78	78	82
98	22	43	87	64
66	71	1	14	21
82	71	42	20	56
21	71	23	5	27
19	22	46	46	25
42	22	45	22	80
41	22	33	33	22
92	71	30	30	49
25	71	51	51	28
3	71	50	24	50
24	22	2	6	50
89	22	24	11	49
28	22	47	23	46
95	71	33	33	22
41	22	27	17	52
49	71	21	21	21
96	71	24	11	47
70	22	3	84	6
24	22	28	47	90
23	22	7	42	82
22	22	63	63	25
73	71	14	12	82
89	22	11	2	25
73	22	34	34	3
24	22	28	47	82
73	71	22	10	82
84	71	9	15	23
36	71	17	1	50
42	22	27	17	80
24	71	2	6	1
20	71	25	25	86
82	71	42	20	47
49	71	24	11	21
70	22	60	60	40
42	22	45	22	25
92	71	30	30	52
73	71	36	3	82
73	22	26	26	82
5	71	33	33	3
80	71	64	31	82
80	71	5	19	49
20	71	25	25	86
32	71	67	67	6
41	71	2	6	26
3	22	49	49	25
94	71	37	37	50
42	71	45	22	80
96	71	2	82	6
43	71	66	66	12
80	71	11	2	25
26	71	38	38	19
50	22	55	8	27
20	71	73	36	86
20	22	5	19	11
73	71	48	48	56
20	22	69	69	75
73	22	22	10	82
3	71	50	24	27
75	22	42	20	3
7	22	47	23	56
3	71	22	10	25
80	22	34	34	3
70	71	68	68	3
75	71	49	49	25
27	71	22	10	50
95	22	56	13	57
93	71	6	16	12
36	71	17	1	50
47	22	2	6	59
41	71	66	66	33
42	71	45	22	80
49	71	1	14	21
88	71	40	40	6
88	71	40	40	6
88	71	40	40	70
24	71	2	6	50
79	71	10	92	6
24	71	28	96	64
96	57	19	9	49
89	52	8	0	49
98	71	4	4	40
43	71	24	11	49
32	71	67	67	25
38	22	23	5	13
99	71	21	21	34
28	22	47	23	46
80	71	48	48	49
89	22	11	2	3
3	71	50	24	27
64	71	22	10	82
42	71	45	22	80
83	71	47	23	28
12	22	69	69	56
12	71	9	15	49
20	71	25	25	11
75	71	46	46	25
73	71	22	10	27
19	22	34	34	3
12	22	9	15	56
3	71	50	24	27
20	71	25	25	86
80	71	8	0	90
61	22	47	23	28
75	71	16	27	49
43	71	24	11	12
0	71	53	53	30
0	71	53	53	30
32	71	2	6	82
72	71	20	56	26
24	22	28	47	49
49	71	21	21	49
42	22	45	22	80
44	22	13	55	27
71	71	6	16	40
77	71	59	59	3
70	71	68	68	22
24	22	71	71	28
36	71	33	33	12
64	71	6	16	50
27	71	17	1	50
27	71	6	16	50
7	71	57	57	56
23	22	7	42	33
38	22	13	55	27
65	22	65	65	51
0	71	53	53	30
38	22	13	55	82
41	71	70	70	82
38	71	13	55	25
20	22	73	36	74
7	71	57	57	48
30	22	76	76	52
96	22	9	15	49
61	22	9	15	28
50	22	56	13	57
73	22	26	26	82
98	71	33	33	3
80	71	64	31	82
80	71	5	19	49
20	71	25	25	86
32	71	67	67	6
41	71	2	6	26
3	71	66	66	33
42	71	45	22	80
96	71	19	9	49
49	71	1	14	7
28	22	47	23	28
11	22	20	95	13
32	71	51	51	49
94	71	37	37	50
24	71	8	0	64
80	71	5	19	49
73	71	15	58	33
24	22	28	47	1
1	22	14	12	82
49	22	24	11	49
99	22	24	11	49
73	71	26	26	82
73	22	34	34	3
10	71	26	26	65
12	71	48	48	49
12	71	1	14	49
26	52	38	38	49
24	22	28	47	1
64	22	66	66	50
64	71	22	10	82
58	22	61	61	58
64	71	28	47	50
94	22	37	37	59
80	22	34	34	3
59	71	68	68	3
75	71	67	67	3
27	71	17	1	50
98	22	4	4	70
43	71	66	66	12
20	71	2	6	70
20	71	73	36	11
19	71	71	71	3
96	22	42	20	56
12	71	1	14	56
96	22	71	71	28
82	71	9	15	47
12	71	21	21	49
75	71	42	20	56
96	71	21	21	34
52	71	76	76	49
83	22	47	23	28
25	71	51	51	49
92	71	30	30	52
73	71	26	26	82
73	22	34	34	3
10	71	26	26	65
12	71	48	48	49
12	71	1	14	49
26	52	38	38	49
73	71	26	26	82
73	22	34	34	3
10	71	26	26	65
12	71	48	48	49
12	71	1	14	49
26	52	38	38	49
73	22	35	35	65
73	71	26	26	65
73	71	6	16	82
47	71	37	37	50
3	71	50	24	27
20	22	73	36	74
75	22	60	60	40
49	71	21	21	7
32	71	51	51	21
19	71	23	5	25
82	71	42	20	83
3	22	49	49	25
20	71	35	35	86
98	71	4	4	42
61	22	47	23	28
49	71	21	21	34
26	22	79	79	61
65	71	65	65	51
23	22	7	64	50
74	22	41	83	27
20	22	1	14	21
73	71	36	3	82
95	22	56	13	11
73	71	74	74	27
98	22	60	60	40
25	71	51	51	49
89	22	16	27	65
61	22	42	20	48
73	71	64	31	27
85	22	3	85	76
3	71	49	49	27
36	71	17	1	50
27	71	50	24	50
26	71	28	47	64
24	71	28	47	3
73	71	23	5	27
75	71	22	10	82
64	71	33	33	50
67	71	22	10	82
73	71	74	74	27
20	22	25	25	22
41	22	1	81	50
27	71	17	1	50
23	22	7	64	33
55	22	41	83	72
74	71	41	83	27
32	71	51	51	49
80	71	8	0	49
26	22	31	7	64
73	22	35	35	65
46	52	18	18	82
47	71	37	37	50
3	71	50	24	27
75	22	60	60	40
32	71	51	51	21
96	22	69	69	56
73	71	66	66	33
43	71	66	66	12
11	71	20	56	13
41	71	27	94	53
70	71	31	7	6
75	71	67	67	65
73	71	22	10	82
73	71	26	26	82
64	71	22	10	82
73	71	64	31	82
73	22	64	31	82
20	22	9	15	49
13	71	19	9	49
98	22	4	4	42
49	71	21	21	21
20	71	25	25	86
68	71	13	55	25
73	71	66	66	65
5	22	27	17	5
0	71	53	53	30
89	71	8	0	57
75	71	28	47	49
49	22	24	11	64
10	71	26	26	65
12	71	48	48	49
39	22	69	69	56
26	71	38	38	49
74	71	50	24	27
89	71	14	12	82
7	22	69	69	48
73	22	29	29	82
83	71	2	6	25
25	71	51	51	52
25	71	51	51	49
49	22	69	69	21
42	71	45	22	80
98	22	62	62	40
65	71	7	64	51
1	22	14	12	6
64	71	22	10	50
79	71	32	32	33
73	71	22	10	3
98	22	4	4	66
61	22	9	15	28
75	71	71	71	28
75	71	24	11	28
49	71	21	21	21
32	71	24	11	49
99	71	51	51	21
21	71	23	5	25
21	71	46	46	6
18	71	51	51	49
80	71	5	90	82
73	22	34	34	3
20	22	25	25	86
3	71	49	49	33
42	71	45	22	80
75	71	2	82	6
98	22	43	87	64
26	71	16	27	77
19	22	8	0	22
16	71	40	40	6
16	71	40	40	6
64	71	2	6	6
75	71	2	6	65
0	22	40	40	30
0	71	40	40	30
79	71	40	40	44
79	71	40	40	6
95	71	27	94	25
70	22	31	7	49
73	22	29	29	27
89	71	11	2	50
80	22	15	58	82
64	71	33	33	50
77	71	59	59	3
47	71	17	1	50
58	52	61	61	58
80	71	5	19	82
73	71	56	13	82
38	71	13	55	25
75	71	31	7	52
98	22	62	62	66
73	71	56	13	86
2	71	6	41	25
68	95	6	41	82
68	22	13	55	27
38	22	0	98	82
61	22	77	77	28
24	71	28	47	65
49	71	21	21	7
73	71	14	12	82
32	71	67	67	82
73	71	50	24	27
49	71	48	48	49
20	22	19	9	22
82	71	19	9	48
80	71	16	93	3
29	113	39	39	34
20	71	1	14	21
73	22	26	26	82
73	22	74	74	11
73	71	64	31	3
26	22	31	7	49
67	22	42	20	4
73	71	2	82	65
80	22	15	58	57
98	22	48	48	64
21	71	22	10	82
64	71	33	33	82
64	71	22	10	50
64	71	33	33	82
80	22	64	31	3
20	71	25	25	86
27	71	17	1	50
38	22	0	80	6
42	71	45	22	80
3	22	50	24	27
24	22	24	11	49
89	22	24	11	49
89	22	24	11	49
89	22	24	11	49
65	71	65	65	51
1	22	7	64	33
77	22	59	59	3
47	22	37	37	50
83	71	47	23	4
23	22	7	42	49
0	71	53	53	6
0	71	53	53	6
80	71	6	41	50
42	71	45	22	80
26	71	72	72	61
98	22	60	60	40
51	22	28	47	90
0	71	53	53	22
75	71	41	83	6
79	3	40	40	6
89	71	58	28	6
89	71	58	28	20
88	71	40	40	44
19	71	71	71	3
95	22	27	94	22
82	71	16	27	82
86	71	57	57	56
7	71	57	57	56
86	71	57	57	48
61	22	42	20	56
50	71	18	18	49
86	22	18	18	28
86	71	18	18	6
89	71	76	76	83
25	71	13	55	23
61	22	18	18	25
75	71	71	71	34
49	71	48	48	21
79	71	11	2	50
32	71	67	67	3
95	71	36	3	91
80	71	11	2	82
38	71	6	16	50
20	22	25	25	86
38	22	6	16	27
74	22	0	50	27
38	71	50	24	82
96	71	13	55	6
21	71	67	67	80
89	71	23	5	25
55	22	0	50	27
70	71	68	68	3
73	22	55	8	82
73	22	55	8	82
50	71	44	89	50
50	22	44	89	65
50	22	55	8	27
65	71	65	65	51
65	22	7	64	50
77	71	59	59	3
47	22	37	37	50
67	71	9	15	23
78	22	32	32	3
58	64	63	63	6
74	71	41	83	6
34	3	40	40	44
34	71	58	28	6
89	71	58	28	20
88	71	40	40	44
41	71	27	94	12
95	22	27	94	22
0	71	53	53	6
72	71	20	56	13
67	71	27	94	25
80	71	6	41	50
75	71	25	25	86
42	71	45	22	80
49	22	24	11	7
98	22	60	60	40
70	22	28	47	90
75	71	71	71	34
31	71	8	0	49
37	95	15	43	50
38	71	0	50	50
1	71	11	2	50
32	71	67	67	3
95	71	36	3	91
80	71	11	2	82
38	71	6	16	50
20	22	25	25	86
38	22	6	16	27
74	22	0	50	27
3	71	50	24	25
96	22	13	55	6
54	71	67	67	80
38	22	23	5	25
55	22	0	50	27
59	52	68	68	3
73	22	55	8	82
73	22	55	8	82
50	71	44	89	50
50	22	44	89	65
50	22	55	8	27
65	71	65	65	51
82	71	7	64	56
77	22	59	59	3
94	22	37	37	50
83	71	9	15	23
75	71	32	32	3
58	64	63	63	6
0	71	53	53	6
72	71	20	56	13
67	71	27	94	25
80	71	6	41	50
75	71	25	25	3
87	71	45	22	80
89	22	24	11	49
98	22	60	60	40
51	22	28	47	19
19	71	67	67	25
75	71	24	11	28
80	71	34	34	86
43	22	2	6	59
3	71	50	24	27
73	71	29	29	82
73	71	22	10	27
89	71	72	72	57
50	22	56	13	57
73	22	42	20	82
27	71	17	1	50
1	22	7	42	50
65	22	65	65	51
94	22	37	37	51
83	71	6	41	25
75	71	6	41	49
74	22	41	83	72
47	52	0	80	15
79	71	10	45	20
20	71	1	81	56
49	71	24	11	49
98	22	4	4	66
93	71	10	92	49
75	22	24	11	49
73	71	34	34	3
52	22	9	15	56
3	71	50	24	27
24	71	8	0	90
31	71	16	27	19
61	22	47	23	28
49	22	24	11	49
0	71	53	53	30
0	71	53	53	30
21	71	2	6	82
24	22	28	47	49
49	71	21	21	84
42	22	45	22	80
38	22	13	55	27
77	71	59	59	3
18	71	22	10	82
12	22	64	31	3
73	71	34	34	27
88	71	32	32	51
75	71	32	32	6
73	71	15	58	33
89	22	11	2	82
20	71	1	14	21
37	71	36	3	82
3	22	6	41	25
74	22	50	24	27
20	22	73	36	11
70	22	31	7	90
89	22	58	28	63
5	22	27	17	57
73	22	14	88	82
20	22	34	34	3
73	22	55	8	27
36	71	17	1	50
64	71	66	66	50
74	71	50	24	27
73	22	55	97	82
32	71	67	67	49
0	71	2	82	6
42	22	45	22	80
89	71	14	12	82
73	22	26	26	82
73	71	74	74	27
73	22	55	97	65
67	22	13	55	82
73	71	15	58	82
73	71	66	66	23
75	71	67	67	27
61	22	77	77	28
49	22	79	79	21
80	22	75	75	22
24	22	28	47	19
82	71	9	15	82
3	71	50	24	27
50	22	29	29	82
18	71	71	71	50
26	71	31	7	19
42	71	45	22	80
3	22	50	24	27
80	71	22	10	49
96	71	1	81	56
49	71	21	21	34
70	22	60	60	40
14	22	60	60	40
89	71	4	4	70
79	71	10	45	20
20	71	73	36	86
11	71	20	95	17
24	22	28	47	49
89	22	11	2	3
21	71	46	46	50
75	71	22	10	25
3	71	50	24	27
89	22	32	32	38
58	52	63	63	44
20	71	1	14	49
12	22	1	14	47
80	71	16	93	3
20	71	1	14	21
61	71	47	23	28
24	22	28	47	1
74	22	41	83	27
0	71	53	53	30
38	22	0	98	82
95	71	12	73	59
94	22	37	37	50
24	71	28	47	49
24	71	28	47	65
73	22	23	5	27
3	71	49	49	25
38	22	0	98	25
73	22	23	5	27
3	71	49	49	25
38	22	0	98	25
3	71	49	49	25
24	71	49	49	49
70	22	48	48	49
79	71	52	52	6
7	22	69	69	48
12	71	1	14	49
12	71	48	48	56
20	71	1	14	56
96	71	1	14	56
20	71	1	14	56
7	22	57	57	48
20	71	1	81	56
27	71	17	1	50
41	71	27	17	80
19	22	5	19	3
21	71	46	46	6
94	22	37	37	51
65	71	65	65	51
38	22	0	50	50
94	71	37	37	49
0	71	2	82	6
98	22	43	87	64
89	52	72	72	18
21	71	23	5	25
64	22	15	58	25
3	71	49	49	50
69	71	6	41	40
80	22	64	31	3
75	71	28	47	49
7	22	69	69	48
39	22	42	20	56
20	71	25	25	49
24	22	28	47	1
26	71	79	79	7
50	22	7	42	79
31	71	76	76	3
21	71	67	67	82
57	22	6	16	82
66	57	21	21	7
49	71	24	11	6
38	22	27	94	27
98	22	62	62	40
47	71	37	37	6
21	71	23	5	25
80	71	34	34	3
73	22	34	34	27
20	71	25	25	86
12	22	71	71	56
66	22	21	21	21
22	71	57	57	48
20	71	1	81	56
96	71	9	15	25
82	71	9	15	3
89	22	18	18	25
61	22	9	15	56
68	22	6	41	82
50	22	44	89	33
79	71	6	41	6
96	71	19	9	22
80	71	28	47	82
98	22	60	60	40
80	22	60	60	40
74	22	41	83	27
98	22	62	62	66
73	71	56	13	86
2	71	6	41	25
68	95	6	41	82
68	22	13	55	27
74	22	41	83	27
88	71	40	40	44
34	22	58	28	63
34	22	58	28	63
88	71	40	40	44
58	95	63	63	22
38	22	0	98	82
95	22	0	80	57
47	71	17	1	50
36	71	17	1	50
95	71	12	73	59
47	71	0	80	50
47	22	0	80	50
89	22	58	28	49
47	22	17	1	50
34	22	58	28	63
34	22	58	28	6
94	22	37	37	49
61	22	77	77	28
95	71	47	23	79
20	71	25	25	86
80	22	48	48	21
86	22	18	18	48
44	22	42	20	56
7	71	42	20	56
49	22	48	48	49
24	71	28	47	49
98	71	48	48	12
24	71	28	47	65
49	71	21	21	7
31	71	69	69	23
73	22	35	35	33
20	71	25	25	86
73	71	15	58	33
50	22	44	89	33
89	22	16	93	64
73	22	29	29	82
73	22	35	35	65
57	22	15	43	82
28	22	47	23	49
26	71	38	38	49
23	22	7	42	49
32	71	51	51	6
32	71	16	27	49
73	22	26	26	82
77	71	59	59	3
36	71	66	66	22
98	52	72	72	9
0	71	40	40	44
80	71	5	90	3
86	22	1	81	49
82	71	1	81	56
96	71	1	14	49
42	71	45	22	80
11	71	20	95	17
65	71	7	64	51
28	22	47	23	28
20	71	25	25	86
12	71	1	81	75
49	71	21	21	34
68	71	16	93	19
98	71	43	87	3
78	22	58	28	22
95	52	12	99	6
24	22	28	47	49
89	71	72	72	12
49	71	28	47	49
73	22	29	29	82
96	71	69	69	56
96	22	69	69	56
37	22	15	43	33
74	22	41	83	27
98	22	27	17	80
24	71	16	27	49
73	22	14	88	82
73	22	29	29	82
21	71	23	5	82
73	22	16	93	82
24	22	64	31	27
24	22	28	47	1
24	22	28	47	1
80	71	67	67	6
73	71	26	26	82
80	22	34	34	3
95	71	15	58	50
44	71	5	90	57
96	71	42	20	56
96	71	1	14	56
61	71	47	23	28
80	71	58	28	22
70	22	3	85	19
49	71	21	21	21
80	22	22	10	82
98	71	56	13	15
67	22	64	31	3
3	71	49	49	65
80	71	25	25	86
68	22	13	55	28
12	22	48	48	3
80	22	5	90	3
61	22	77	77	28
73	22	35	35	82
50	22	55	8	27
24	71	30	30	49
98	71	4	4	70
46	52	18	18	82
18	71	78	78	40
56	22	24	11	28
56	22	24	11	28
73	71	14	12	27
73	71	64	31	27
98	22	5	19	49
32	71	67	67	50
37	22	36	3	50
23	22	7	64	33
79	22	32	32	44
74	22	10	92	6
5	22	27	17	57
31	71	76	76	52
83	22	47	23	28
55	22	70	70	27
2	71	70	70	27
73	22	35	35	65
96	71	9	15	56
39	71	24	11	48
96	71	19	9	49
20	22	73	36	74
28	22	47	23	28
80	71	5	90	3
7	22	69	69	48
96	22	24	11	49
27	71	17	1	50
94	71	37	37	49
65	71	32	32	33
96	71	9	15	56
7	71	57	57	56
88	22	40	40	44
20	22	25	25	56
75	22	71	71	49
24	22	28	47	49
80	22	28	47	49
24	71	49	49	90
32	22	71	71	6
75	71	9	15	3
86	22	18	18	48
86	22	18	18	49
86	22	18	18	48
86	22	18	18	28
86	22	18	18	48
86	22	18	18	63
86	22	18	18	49
61	22	77	77	28
51	71	71	71	49
46	71	18	18	6
98	22	4	86	66
31	71	16	27	6
82	71	16	27	50
73	71	22	10	82
96	71	19	9	84
0	71	53	53	30
0	71	53	53	6
61	71	47	23	21
98	22	4	4	64
96	22	16	93	49
82	71	1	81	47
28	22	47	23	28
66	22	1	81	7
37	71	7	42	50
88	71	40	40	6
88	71	40	40	44
88	22	40	40	44
92	71	30	30	50
32	71	51	51	82
92	71	30	30	49
96	71	19	9	22
24	22	2	6	59
75	71	2	82	6
12	22	6	16	22
21	71	23	5	25
40	22	26	26	82
36	22	28	47	21
73	71	34	34	27
89	71	22	10	40
89	71	13	55	33
94	71	37	37	59
26	71	16	27	77
49	71	21	21	21
85	22	3	85	82
19	71	68	68	3
96	22	19	9	49
79	22	5	90	15
80	71	43	87	3
59	71	11	2	82
64	22	22	10	3
19	71	23	5	25
5	22	33	33	3
24	22	28	47	57
38	22	0	50	82
38	22	0	50	82
38	22	0	50	82
68	22	5	90	3
73	22	0	50	82
96	22	5	90	15
38	22	0	50	65
38	22	0	50	12
73	22	0	50	25
38	71	5	90	82
80	71	5	90	82
68	52	15	58	25
80	71	64	31	3
80	22	34	34	49
73	22	74	74	27
80	71	16	93	57
24	22	28	47	90
80	22	5	19	3
20	71	25	25	86
96	71	19	9	22
20	22	19	9	49
96	22	19	9	22
75	71	71	71	22
96	22	19	9	22
3	71	49	49	25
18	71	6	16	23
12	71	2	6	26
61	22	77	77	28
61	22	16	93	28
96	71	10	45	20
19	71	45	22	80
98	22	4	4	42
58	22	61	61	44
26	71	79	79	7
49	71	24	11	49
21	71	67	67	6
28	71	47	23	28
66	71	2	6	65
75	71	46	46	82
25	71	51	51	49
7	71	69	69	56
21	71	22	10	25
24	22	64	31	3
27	71	17	1	50
38	22	0	80	6
47	22	37	37	50
94	71	37	37	6
5	22	27	17	53
38	22	13	55	82
58	22	63	63	22
24	22	21	21	21
21	71	22	10	82
89	71	22	10	82
22	71	9	91	49
86	22	47	23	48
25	71	51	51	49
3	71	50	24	27
73	22	55	97	65
80	22	34	34	3
98	22	1	81	22
68	22	3	84	6
47	22	37	37	50
3	71	50	24	27
75	22	60	60	40
32	71	51	51	21
49	71	21	21	7
26	22	31	7	19
26	71	31	7	49
73	71	55	8	82
80	22	15	58	82
92	71	30	30	52
18	71	13	44	3
24	22	8	0	22
89	71	58	28	49
49	22	76	76	21
18	22	51	51	6
89	71	10	45	20
52	22	47	23	49
64	71	22	10	50
25	22	46	46	50
42	22	45	22	80
73	22	56	13	65
64	71	11	2	25
95	71	27	94	53
36	71	17	1	50
98	22	62	62	66
73	71	56	13	86
2	71	6	41	25
68	71	6	41	27
74	22	41	83	27
88	71	40	40	44
34	22	58	28	63
34	22	58	28	63
88	71	40	40	44
58	95	63	63	22
38	22	0	98	82
94	22	0	80	6
95	71	17	1	82
36	71	17	1	50
18	71	78	78	50
95	71	12	73	59
47	71	0	80	50
47	22	0	80	50
89	22	58	28	49
47	22	17	1	50
79	22	58	28	6
34	22	58	28	6
94	22	37	37	49
80	22	48	48	21
86	22	18	18	48
44	22	42	20	56
7	71	42	20	56
49	22	48	48	49
46	52	18	18	82
24	71	28	47	49
24	71	28	47	65
49	71	21	21	7
18	71	51	51	49
73	22	26	26	82
3	71	15	58	82
27	71	17	1	50
73	71	55	8	82
3	22	15	58	33
92	71	30	30	52
18	71	13	44	3
75	71	2	6	6
74	71	2	6	6
49	22	76	76	21
18	22	51	51	6
89	71	10	45	20
64	71	22	10	50
73	71	22	10	50
21	71	23	5	25
24	22	49	49	27
36	71	17	1	50
36	71	66	66	50
20	71	25	25	86
0	71	53	53	30
73	22	34	34	3
3	71	49	49	50
28	22	77	77	28
96	22	60	60	40
96	71	60	60	40
12	71	60	60	40
43	71	24	11	40
96	22	60	60	40
43	22	60	60	40
49	22	21	21	21
20	71	1	14	49
73	22	14	12	27
96	22	9	15	56
86	22	54	54	49
38	22	0	50	72
82	71	9	15	56
3	71	15	58	50
21	71	46	46	25
95	71	12	73	65
73	22	29	29	82
38	22	29	29	82
73	22	55	97	65
67	22	13	55	82
73	22	74	74	27
80	71	49	49	82
21	71	67	67	50
73	71	23	5	25
19	22	64	31	3
27	71	17	1	50
27	71	37	37	50
65	71	65	65	51
65	71	65	65	51
2	71	13	44	27
20	22	73	36	86
65	71	32	32	6
20	71	75	75	5
19	22	60	60	40
49	22	21	21	7
80	22	5	90	49
82	22	47	23	28
28	22	47	23	28
0	71	53	53	30
5	71	39	39	82
24	71	28	47	90
98	71	48	48	64
80	22	8	0	64
73	71	39	39	22
24	71	8	0	90
80	22	43	87	3
24	22	5	90	90
26	71	79	79	64
26	22	8	0	90
24	22	28	96	90
80	71	28	47	90
8	71	37	37	40
24	22	28	47	84
80	71	64	31	3
38	71	23	5	27
8	22	23	5	25
73	22	56	13	65
64	71	2	6	59
3	22	50	24	27
38	71	46	46	50
42	71	45	22	80
20	71	25	25	86
49	22	21	21	84
98	22	43	87	64
44	71	27	17	82
44	22	6	16	40
98	22	31	7	49
52	22	23	5	25
73	71	36	3	82
73	22	64	31	27
89	71	31	7	49
38	71	37	37	25
47	71	17	1	50
22	22	9	91	6
3	71	50	24	27
42	71	45	22	2
50	22	4	4	66
64	71	6	16	25
92	71	30	30	52
64	71	46	46	27
75	71	2	82	6
89	71	76	76	7
11	71	20	95	67
89	71	72	72	61
96	22	60	60	40
80	22	14	12	82
32	22	33	33	22
36	71	33	33	50
73	95	64	31	82
20	71	5	19	3
92	71	30	30	49
21	71	67	67	82
21	71	67	67	82
74	71	2	82	27
75	71	2	82	49
16	71	53	53	6
0	71	2	82	6
74	71	2	82	6
57	22	5	19	49
12	22	24	11	49
67	71	9	15	47
73	71	2	6	65
74	22	3	85	82
94	22	37	37	6
10	71	27	17	80
20	71	25	25	69
80	71	8	0	49
26	71	72	72	61
26	71	38	38	49
89	22	24	11	49
73	71	15	58	33
80	22	48	48	3
96	71	21	21	34
70	71	31	7	90
36	22	17	1	50
38	22	0	80	82
73	71	64	31	27
61	71	28	47	49
86	22	24	11	49
80	22	68	68	49
89	71	24	11	49
12	71	48	48	34
24	22	28	47	90
73	71	74	74	27
64	71	33	33	50
58	22	63	63	6
3	71	50	24	27
64	71	22	10	22
80	22	5	19	3
94	22	37	37	49
24	22	21	21	21
49	71	21	21	34
24	22	28	96	90
73	22	11	2	82
73	22	55	8	65
73	22	74	74	27
21	71	23	5	25
41	22	27	94	22
64	71	33	33	11
27	71	17	1	50
23	22	0	50	33
38	22	0	50	33
74	22	41	83	72
80	22	22	10	82
49	71	79	79	84
20	71	25	25	11
96	71	69	69	56
80	22	31	7	49
28	22	47	23	28
49	71	48	48	49
64	71	22	10	25
2	22	23	5	27
6	71	27	17	80
75	22	32	32	22
24	22	28	47	90
24	22	28	96	90
32	71	16	27	49
80	71	66	66	23
73	71	12	73	65
38	71	23	5	25
38	71	13	44	25
21	71	46	46	50
21	71	22	10	50
73	22	55	97	65
67	71	13	55	25
73	22	74	74	27
80	71	49	49	82
0	71	53	53	30
74	22	0	50	27
88	71	63	63	22
27	71	17	1	50
94	22	37	37	50
65	22	32	32	50
94	22	37	37	3
79	22	32	32	33
42	22	45	22	80
53	22	44	89	82
70	71	13	44	90
98	22	62	62	40
96	99	16	93	22
82	71	42	20	28
86	22	42	20	49
86	71	57	57	48
44	71	42	20	75
86	22	9	15	6
19	71	19	9	78
28	22	47	23	46
49	22	21	21	7
24	22	28	47	90
24	71	8	0	38
73	71	55	8	82
80	52	5	90	82
73	71	3	85	65
73	52	15	43	65
12	71	48	48	75
70	22	19	9	49
96	71	19	9	49
56	22	1	81	48
75	71	48	48	34
3	71	9	15	3
89	22	11	2	3
59	71	52	52	82
73	71	64	31	27
74	71	13	55	82
98	71	43	87	3
3	71	66	66	82
75	71	2	6	59
70	71	2	6	65
13	22	1	81	75
49	71	21	21	21
73	71	14	12	27
73	71	64	31	27
98	22	5	19	49
32	71	67	67	50
37	22	36	3	50
23	22	7	64	33
79	22	32	32	44
74	22	10	92	6
5	22	27	17	57
31	71	76	76	52
83	22	47	23	28
65	71	48	48	56
36	71	17	1	50
64	71	17	1	82
47	22	0	80	50
0	71	53	53	30
58	22	41	83	27
22	95	57	57	48
79	22	61	61	58
18	71	60	60	40
98	22	4	4	40
89	22	72	72	65
64	71	33	33	82
94	22	37	37	49
48	71	11	2	6
73	22	29	29	82
24	22	2	6	59
49	22	21	21	21
24	22	64	31	3
75	71	14	12	25
72	22	20	56	13
18	22	78	78	49
21	71	46	46	50
42	22	45	22	80
32	71	6	41	59
61	71	47	23	28
84	71	9	15	56
24	22	28	47	6
28	22	47	23	46
89	22	24	11	49
80	22	48	48	90
70	71	31	7	90
24	71	28	47	90
24	71	28	47	1
70	22	68	68	3
26	22	31	7	19
73	71	22	10	82
3	71	49	49	49
73	71	15	58	80
96	22	69	69	49
92	71	30	30	49
24	71	28	47	49
20	22	5	19	11
20	22	25	25	86
80	71	2	6	65
47	22	36	3	59
38	22	13	55	25
75	71	67	67	82
89	22	11	2	25
38	71	23	5	25
73	52	55	8	82
75	71	2	82	49
80	22	64	31	3
64	71	33	33	15
3	71	49	49	33
28	22	47	23	28
20	71	25	25	86
42	22	45	22	80
58	22	63	63	6
0	71	53	53	30
80	71	69	69	82
96	71	42	20	56
98	71	60	60	40
50	22	4	4	66
49	71	79	79	61
15	22	61	61	58
49	22	72	72	21
49	71	24	11	49
26	22	31	7	19
49	71	21	21	34
24	71	28	47	65
12	71	1	14	49
89	22	31	7	49
49	71	21	21	34
24	71	28	47	65
12	71	1	14	49
19	22	11	2	3
19	22	22	10	25
98	22	39	39	49
7	22	69	69	56
49	71	31	7	52
86	22	57	57	48
86	71	57	57	56
61	22	42	20	56
21	71	2	6	70
0	71	53	53	30
58	71	63	63	6
75	71	2	82	6
89	90	40	40	18
75	71	54	54	6
24	22	2	6	49
79	71	40	40	49
73	71	64	31	3
38	22	29	29	27
94	22	37	37	50
27	71	17	1	50
64	71	31	7	52
1	71	6	41	25
68	22	13	55	27
79	22	32	32	6
49	22	21	21	21
61	22	77	77	28
98	22	60	60	40
96	71	60	60	40
38	71	13	55	28
11	22	20	56	13
42	71	45	22	80
24	22	28	47	90
16	22	40	40	6
88	71	40	40	44
16	71	40	40	6
0	71	2	6	1
75	71	22	10	25
64	71	22	10	50
64	71	33	33	50
64	71	22	10	50
1	71	22	10	25
67	71	22	10	27
80	71	64	31	3
10	71	47	23	82
38	71	13	55	25
61	22	77	77	28
20	22	73	36	74
64	71	67	67	50
73	22	15	58	65
98	71	4	4	40
4	71	31	7	76
26	71	79	79	61
18	71	78	78	82
32	71	33	33	49
70	71	68	68	3
49	22	71	71	64
49	71	71	71	49
8	22	23	5	25
64	22	33	33	15
80	22	34	34	3
20	22	35	35	82
73	22	55	8	82
20	22	35	35	27
18	71	78	78	50
75	71	49	49	27
49	71	48	48	21
86	71	57	57	56
22	71	57	57	56
86	22	57	57	48
86	22	24	11	49
21	71	46	46	6
50	22	14	12	82
1	71	13	44	27
73	71	64	31	27
0	71	53	53	30
65	103	65	65	51
94	22	37	37	25
70	22	3	85	82
80	71	14	12	3
98	22	8	0	49
20	22	73	36	74
98	22	4	4	9
43	71	48	48	21
24	22	28	96	90
24	71	8	0	64
70	22	31	7	6
8	71	60	60	40
21	71	22	10	82
75	71	64	31	3
7	22	9	15	49
94	22	37	37	59
89	71	22	10	82
20	71	25	25	86
3	22	50	24	27
42	71	45	22	80
72	71	20	56	26
38	22	13	55	82
12	22	24	11	52
89	71	24	11	49
24	22	21	21	21
92	71	30	30	52
61	22	77	77	28
99	71	8	0	22
24	71	22	10	82
25	71	51	51	52
74	22	10	92	6
24	22	8	0	90
24	71	8	0	38
24	22	28	96	1
7	71	69	69	56
22	22	9	91	6
94	22	9	15	6
86	71	47	23	28
28	22	47	23	49
61	22	47	23	49
75	71	71	71	49
73	71	23	5	27
20	22	73	36	11
79	22	40	40	30
96	71	9	15	56
38	22	0	80	57
12	22	69	69	56
92	71	30	30	52
73	71	55	8	82
3	22	15	58	33
92	71	30	30	49
18	71	13	44	3
75	71	2	6	6
75	71	2	6	6
49	22	76	76	21
18	22	51	51	6
89	71	10	45	20
73	22	23	5	27
73	22	22	10	3
3	71	49	49	25
38	22	0	98	25
12	71	1	14	49
73	71	15	58	82
75	71	2	6	1
80	22	5	90	49
19	71	45	22	80
73	71	15	58	82
50	71	44	89	50
23	22	7	64	33
37	71	36	3	72
37	71	36	3	50
49	71	48	48	49
44	71	42	20	56
7	71	57	57	56
82	71	42	20	56
7	71	57	57	48
49	71	42	20	48
7	71	57	57	28
50	71	18	18	49
86	22	57	57	48
56	71	47	23	83
73	22	23	5	27
80	22	5	19	3
19	22	71	71	3
20	71	25	25	11
42	71	45	22	80
73	71	15	58	82
75	71	2	82	25
95	71	33	33	3
0	71	53	53	30
11	71	20	56	13
49	22	21	21	34
32	71	67	67	82
21	71	23	5	25
64	71	67	67	82
21	71	46	46	25
77	71	59	59	3
94	71	37	37	50
36	71	66	66	50
65	95	65	65	51
0	71	53	53	30
72	71	20	56	26
11	71	2	6	13
0	71	58	28	6
88	71	32	32	51
82	71	6	16	47
38	22	3	85	82
5	71	27	17	6
12	71	64	31	27
75	71	64	31	27
20	22	25	25	86
43	71	66	66	22
86	22	47	23	28
22	71	57	57	56
49	71	21	21	7
98	22	62	62	66
98	22	60	60	40
50	22	29	29	82
32	71	71	71	3
26	71	31	7	19
42	71	45	22	80
3	22	50	24	27
80	71	22	10	49
96	71	1	81	56
49	71	21	21	34
70	22	60	60	40
14	22	60	60	40
89	71	4	4	70
20	71	73	36	86
11	71	20	95	17
24	22	28	47	49
73	22	26	26	82
21	71	67	67	50
64	71	33	33	50
75	71	67	67	3
73	22	34	34	27
18	71	78	78	50
98	71	43	87	3
70	71	31	7	64
95	52	12	99	6
98	22	4	86	66
39	22	0	50	6
3	71	15	58	65
75	71	2	82	1
37	71	36	3	59
95	71	6	41	82
3	22	50	24	27
42	71	45	22	80
61	22	77	77	28
7	22	57	57	48
49	71	21	21	84
8	71	60	60	40
70	71	31	7	90
21	71	22	10	82
80	71	64	31	3
3	22	50	24	27
42	71	45	22	80
72	71	20	56	26
80	22	5	19	3
20	71	25	25	86
83	22	13	55	13
11	71	20	56	13
24	71	22	10	82
25	71	51	51	52
75	71	28	47	1
61	22	77	77	28
7	22	9	15	49
94	71	37	37	59
74	22	10	92	6
92	71	30	30	52
99	71	8	0	22
24	22	21	21	21
49	71	21	21	84
24	22	8	0	90
24	71	8	0	38
24	22	28	96	90
7	71	69	69	56
75	71	71	71	49
1	71	76	76	52
28	22	47	23	49
86	71	47	23	28
84	71	9	15	47
20	71	1	81	47
49	71	79	79	21
49	71	21	21	84
86	22	47	23	28
74	71	41	83	50
64	71	23	5	25
18	22	78	78	50
20	22	34	34	3
24	71	64	31	90
59	71	52	52	6
73	22	34	34	3
20	22	25	25	86
3	71	28	47	82
74	71	2	6	6
75	71	2	82	6
70	71	43	87	90
96	71	42	20	56
70	71	68	68	49
43	22	60	60	40
12	71	24	11	49
74	22	6	16	47
19	71	46	46	6
75	71	46	46	25
64	71	67	67	50
98	22	5	19	49
20	71	73	36	86
18	71	78	78	49
98	71	4	4	9
24	71	49	49	90
49	71	21	21	47
26	71	8	0	19
73	71	66	66	23
98	71	43	87	3
21	71	46	46	25
26	22	78	78	49
32	71	51	51	49
24	71	8	0	49
25	71	51	51	49
80	71	51	51	65
44	71	67	67	25
95	71	12	73	65
38	71	23	5	27
38	71	13	44	25
73	22	55	97	65
67	71	13	55	25
80	71	64	31	3
54	71	49	49	65
0	71	53	53	30
74	22	0	50	27
58	22	63	63	50
94	22	37	37	50
65	71	65	65	51
89	22	32	32	33
42	22	45	22	80
11	22	20	95	13
72	71	20	56	26
75	71	2	6	65
79	22	40	40	6
16	71	40	40	6
79	71	2	82	6
70	71	13	44	90
98	22	62	62	40
7	71	57	57	56
2	22	13	55	25
61	22	18	18	56
75	71	19	9	78
28	22	47	23	46
49	71	21	21	34
50	22	47	23	22
52	22	24	11	47
19	71	6	16	25
96	22	19	9	49
24	22	28	47	90
26	22	38	38	49
92	71	30	30	49
32	71	22	10	65
24	71	14	12	82
80	22	39	39	34
5	22	45	22	80
98	22	5	19	49
20	71	25	25	86
28	71	44	89	79
11	71	20	95	17
84	71	9	15	47
73	22	26	26	82
82	71	9	15	48
7	22	69	69	56
65	71	59	59	50
83	22	47	23	28
12	71	9	15	55
83	71	13	55	47
79	22	40	40	44
73	22	29	29	82
73	22	35	35	65
57	22	15	43	82
28	22	47	23	49
26	71	38	38	49
21	71	23	5	25
0	71	53	53	30
0	71	53	53	6
95	71	27	17	27
24	22	28	47	65
92	71	30	30	49
47	71	2	6	50
98	22	78	78	65
38	71	6	16	57
71	71	0	80	50
32	71	51	51	6
73	22	35	35	27
73	22	55	97	82
80	22	5	19	3
20	22	73	36	11
24	22	28	47	49
74	71	2	82	6
96	71	42	20	56
49	71	21	21	21
12	71	21	21	52
49	22	21	21	21
75	71	71	71	50
98	71	4	4	66
26	71	31	7	64
73	71	29	29	27
64	71	22	10	50
24	22	5	90	3
73	22	34	34	3
73	71	50	24	27
65	71	7	64	50
3	22	32	32	50
89	71	11	2	82
21	71	46	46	50
75	71	22	10	25
19	22	45	22	80
58	52	63	63	44
89	22	32	32	38
7	71	57	57	56
96	71	19	9	22
12	22	1	14	48
20	71	1	14	49
12	22	1	14	47
80	71	16	93	3
0	71	2	82	1
20	71	1	14	21
20	22	5	19	3
73	71	34	34	3
20	71	25	25	86
75	71	2	82	25
94	71	37	37	59
27	22	59	59	50
11	22	20	95	13
72	71	20	56	26
0	71	53	53	30
61	71	47	23	28
24	22	28	47	1
24	22	24	11	7
24	22	29	29	82
96	71	19	9	49
96	71	19	9	49
7	22	69	69	48
20	22	73	36	74
10	71	50	24	82
49	71	24	11	7
82	71	9	15	48
73	22	29	29	82
80	71	34	34	3
89	22	34	34	1
73	71	74	74	27
73	22	55	8	27
20	22	35	35	82
18	71	10	92	6
70	71	31	7	49
18	71	78	78	50
24	22	28	47	90
64	71	22	10	50
64	71	22	10	50
18	22	27	17	25
64	71	20	56	13
67	71	22	10	13
80	22	64	31	3
20	71	35	35	86
38	95	23	5	25
95	22	33	33	15
20	22	25	25	86
3	71	49	49	3
75	71	45	22	80
64	71	28	47	50
27	71	17	1	50
94	71	37	37	50
58	22	63	63	6
0	71	2	82	6
79	22	32	32	6
19	71	46	46	27
32	71	67	67	82
12	71	21	21	34
73	71	22	10	3
12	71	21	21	49
86	22	42	20	56
20	71	42	20	56
12	71	1	14	82
22	71	9	91	49
22	71	9	91	49
96	22	19	9	48
98	22	4	4	40
89	22	72	72	65
64	71	33	33	82
73	71	14	12	82
21	71	67	67	82
27	71	59	59	50
65	22	65	65	51
0	71	53	53	30
5	22	27	17	80
42	22	45	22	80
5	22	45	22	80
54	71	45	22	3
73	22	27	17	82
24	22	16	27	19
49	71	21	21	34
75	71	2	82	59
24	22	64	31	3
7	22	69	69	49
96	71	9	91	49
96	22	19	9	48
24	22	28	96	38
89	52	72	72	49
89	22	24	11	49
66	71	27	17	49
12	71	48	48	21
96	71	48	48	21
12	71	48	48	47
43	71	48	48	49
49	22	48	48	49
96	22	48	48	56
12	22	28	47	75
96	71	48	48	56
12	71	48	48	56
12	71	48	48	49
98	71	72	72	9
98	52	43	87	3
0	22	53	53	30
79	22	32	32	82
75	71	22	10	25
73	22	35	35	82
98	22	72	72	6
74	71	72	72	27
38	71	72	72	25
64	71	33	33	3
28	22	47	23	28
5	22	72	72	49
49	71	79	79	84
1	22	16	93	57
73	22	29	29	82
59	64	68	68	49
98	71	39	39	82
80	71	16	93	57
96	71	19	9	49
24	52	16	93	49
70	71	3	85	82
24	71	28	47	82
51	22	8	0	90
49	71	79	79	61
28	22	47	23	79
19	22	71	71	49
49	22	24	11	49
49	22	24	11	49
24	22	28	47	49
26	71	28	47	22
73	71	55	8	82
3	22	15	58	33
92	71	30	30	52
18	71	13	44	3
24	22	8	0	22
49	22	76	76	21
25	22	51	51	6
89	71	10	45	6
82	71	16	27	56
96	71	21	21	34
98	22	43	87	64
74	71	2	6	65
75	71	9	15	56
89	71	7	42	6
88	71	40	40	6
5	71	45	22	80
2	71	70	70	50
24	22	15	58	65
0	71	53	53	30
36	71	17	1	50
36	71	66	66	50
47	71	17	1	50
23	71	7	64	33
94	71	37	37	59
64	71	33	33	82
21	71	67	67	82
73	71	33	33	82
18	71	6	16	50
38	22	23	5	25
38	22	0	50	25
57	71	6	16	82
12	71	48	48	49
12	71	48	48	21
12	71	48	48	49
96	71	48	48	56
96	71	42	20	56
89	95	16	93	83
67	71	9	15	47
73	22	42	20	49
44	71	42	20	56
18	22	42	20	49
96	22	69	69	56
43	22	6	16	65
95	71	50	24	27
72	71	20	56	26
11	71	2	6	67
43	71	10	45	20
86	22	18	18	48
59	71	52	52	50
20	22	73	36	74
73	22	22	10	27
20	22	35	35	82
73	22	15	58	65
74	22	3	85	82
73	22	26	26	82
82	71	9	15	48
27	22	17	1	50
77	71	59	59	3
65	71	65	65	51
83	22	47	23	28
12	71	9	15	55
83	71	13	55	47
79	22	40	40	44
75	22	67	67	3
24	22	28	47	82
27	71	22	10	82
80	22	22	10	82
75	22	32	32	50
58	22	61	61	44
95	71	27	94	27
3	71	50	24	27
0	71	53	53	30
7	71	57	57	56
11	71	6	16	82
84	71	9	15	23
36	22	17	1	50
42	22	45	22	80
24	22	2	6	50
79	22	40	40	44
18	71	51	51	50
96	71	19	9	22
20	22	19	9	86
96	22	1	14	49
96	71	1	14	49
96	71	48	48	56
89	71	47	23	49
12	71	21	21	21
61	22	77	77	28
24	22	2	6	65
59	71	11	2	50
70	22	31	7	6
18	71	78	78	50
24	71	28	47	82
3	71	23	5	27
12	22	48	48	7
23	22	7	42	72
7	22	9	15	48
58	22	63	63	50
18	71	51	51	49
0	71	53	53	30
22	22	9	15	28
73	22	14	88	82
95	71	27	94	82
57	22	6	16	82
17	22	27	17	57
95	22	27	94	82
73	22	16	93	82
42	22	45	22	80
36	71	66	66	50
24	22	28	47	49
24	22	2	6	65
75	22	2	6	1
3	71	50	24	27
64	71	33	33	82
19	22	74	74	27
64	71	22	10	50
1	71	14	12	82
73	71	14	12	82
75	71	9	15	80
20	71	25	25	22
66	71	27	17	56
23	22	7	64	73
24	22	22	10	82
73	71	15	58	65
64	22	33	33	50
64	71	22	10	50
27	71	17	1	50
74	22	41	83	27
43	71	6	16	12
12	71	69	69	22
24	71	28	47	82
92	71	30	30	52
80	71	14	12	82
64	71	33	33	50
20	22	35	35	82
27	71	17	1	50
74	22	41	83	27
79	22	2	6	1
72	22	20	56	26
0	71	53	53	30
0	71	53	53	30
65	71	65	65	51
94	22	37	37	51
47	71	37	37	59
68	22	70	70	27
26	71	72	72	57
7	71	42	20	56
22	22	9	91	56
20	22	5	19	3
20	22	19	9	78
70	71	71	71	49
49	71	21	21	7
49	71	10	45	21
83	52	47	23	82
12	71	19	9	21
98	22	4	86	66
92	71	51	51	49
92	71	30	30	52
98	22	43	87	64
24	22	28	47	1
89	22	14	12	49
20	22	73	36	11
96	71	21	21	52
12	71	24	11	52
75	71	69	69	82
12	71	1	81	47
12	71	48	48	56
96	71	42	20	56
49	71	48	48	49
95	71	47	23	82
24	22	28	47	1
86	22	18	18	28
20	71	75	75	62
89	71	16	93	49
74	71	41	83	27
74	71	54	54	6
20	71	21	21	7
43	22	6	16	12
1	71	9	15	25
38	71	13	55	25
32	71	16	27	49
43	71	66	66	23
73	71	12	73	82
73	22	29	29	82
38	22	29	29	82
37	22	36	3	50
55	22	0	50	82
73	22	74	74	3
11	71	20	56	13
3	71	49	49	65
26	71	31	7	19
68	71	16	93	82
96	71	24	11	47
52	71	76	76	28
20	71	25	25	74
18	71	51	51	82
49	71	21	21	7
80	22	5	19	3
24	22	28	47	90
73	71	14	12	82
64	71	33	33	50
80	22	34	34	82
59	71	68	68	3
18	71	51	51	49
73	71	67	67	82
21	71	46	46	25
67	71	9	15	47
75	71	2	82	47
24	22	28	47	82
49	22	24	11	47
75	71	24	11	28
61	22	47	23	49
49	71	24	11	49
89	52	72	72	49
26	71	31	7	49
26	22	31	7	49
73	71	14	12	82
80	22	34	34	82
18	71	51	51	49
21	71	46	46	25
61	22	77	77	28
67	71	9	15	47
24	22	2	6	1
24	22	49	49	80
24	22	28	47	82
70	71	31	7	82
26	22	38	38	49
26	22	38	38	49
24	22	28	47	90
24	22	2	6	1
61	71	47	23	28
98	71	4	4	66
20	71	25	25	86
18	71	51	51	6
75	22	21	21	21
73	22	22	10	6
73	71	22	10	82
73	22	14	12	82
21	71	67	67	82
19	22	11	2	3
64	71	46	46	50
38	71	23	5	25
80	71	64	31	3
75	22	2	82	3
75	71	33	33	15
3	71	49	49	33
28	22	77	77	28
20	71	25	25	86
42	22	45	22	80
96	22	60	60	40
49	22	4	4	64
96	71	42	20	56
50	22	47	23	49
66	22	21	21	21
49	71	79	79	61
58	22	63	63	6
0	71	53	53	30
58	22	61	61	58
70	71	43	87	3
24	22	31	7	90
34	99	58	28	63
64	71	22	10	27
75	71	71	71	50
98	71	4	4	66
70	8	4	4	66
83	22	47	23	28
26	71	31	7	64
1	71	49	49	19
34	22	58	28	18
75	71	71	71	50
98	71	4	4	66
70	8	4	4	66
83	22	47	23	28
26	71	31	7	64
1	71	49	49	19
89	71	58	28	57
73	71	56	13	82
75	71	71	71	50
98	71	4	4	66
70	8	4	4	66
83	22	47	23	28
26	71	31	7	64
1	71	49	49	19
19	22	8	0	49
73	22	29	29	82
43	22	79	79	21
5	71	69	69	3
42	71	45	22	80
98	22	62	62	40
65	22	7	64	51
70	71	22	10	82
95	22	27	94	82
95	71	27	94	27
74	22	41	83	72
82	71	16	27	6
86	71	47	23	48
7	71	9	15	56
0	71	53	53	30
88	71	40	40	44
24	22	28	47	27
88	71	40	40	25
47	71	0	80	82
6	71	27	17	80
20	71	33	33	11
79	22	11	2	49
82	71	9	15	48
85	71	3	85	82
64	71	67	67	50
70	71	28	47	90
22	71	57	57	48
64	71	22	10	82
41	22	56	13	3
20	22	1	81	22
64	71	33	33	65
20	71	25	25	86
38	22	27	94	25
95	71	27	94	82
98	22	4	4	70
18	71	71	71	3
29	22	39	39	34
31	71	76	76	52
83	22	47	23	28
73	71	64	31	82
49	22	72	72	61
75	71	2	82	25
38	71	3	85	82
20	22	73	36	74
92	71	30	30	49
27	71	17	1	50
50	22	72	72	47
70	71	31	7	82
23	22	32	32	49
95	71	27	94	27
82	71	9	15	50
61	71	1	81	49
65	71	65	65	51
2	71	50	24	27
25	71	67	67	50
89	22	52	52	6
24	22	28	47	49
64	71	23	5	25
19	71	64	31	3
20	71	25	25	86
49	22	21	21	34
96	22	24	11	47
89	71	76	76	28
96	71	24	11	49
84	71	9	15	56
12	71	9	15	75
89	71	8	0	49
82	71	9	15	48
82	71	9	15	56
2	22	6	41	29
27	71	17	1	50
43	71	21	21	12
72	71	20	56	26
72	71	20	56	26
11	71	20	56	13
79	71	40	40	20
79	22	40	40	6
42	71	45	22	80
24	22	28	47	3
24	22	31	7	82
18	71	51	51	49
75	71	8	0	49
86	71	47	23	48
96	71	21	21	34
49	22	24	11	64
89	71	16	27	6
70	71	43	87	3
74	71	2	6	65
74	22	0	50	50
23	71	7	42	6
79	71	40	40	6
5	71	45	22	80
2	71	70	70	50
24	22	15	58	65
0	15	53	53	30
36	71	17	1	50
36	71	66	66	50
47	71	17	1	50
23	71	7	64	33
94	71	37	37	59
64	71	33	33	82
21	71	67	67	82
73	71	33	33	82
18	71	6	16	50
38	22	23	5	27
38	22	0	50	25
57	71	6	16	82
12	71	48	48	49
12	71	48	48	49
12	71	48	48	49
86	71	18	18	28
7	71	42	20	56
67	71	9	15	47
73	22	42	20	49
44	71	42	20	56
18	22	42	20	49
96	22	69	69	56
43	22	6	16	65
95	71	50	24	27
72	71	20	56	26
11	71	2	6	67
32	71	2	6	70
43	71	10	45	20
20	22	5	19	3
75	71	22	10	27
19	71	49	49	50
89	71	16	93	57
20	71	5	19	86
25	71	51	51	49
47	71	37	37	50
24	22	28	47	49
98	22	4	86	9
0	71	53	53	6
26	22	38	38	19
3	71	22	10	27
19	71	49	49	50
89	71	16	93	57
20	71	5	19	86
25	71	51	51	49
98	22	4	86	9
0	71	53	53	6
96	71	1	14	22
12	22	1	14	21
28	99	47	23	28
24	22	49	49	82
80	71	22	10	25
79	71	52	52	6
64	71	11	2	50
32	71	67	67	49
50	71	44	89	50
48	71	46	46	50
48	22	46	46	50
38	71	44	89	57
21	22	11	2	6
24	71	28	47	49
77	71	59	59	3
94	22	2	6	59
27	22	17	1	50
94	71	37	37	6
36	71	66	66	50
73	22	74	74	27
70	71	68	68	90
23	22	7	42	57
24	22	44	89	33
65	71	32	32	51
65	22	32	32	51
65	22	32	32	51
75	22	2	6	65
79	22	40	40	44
88	71	40	40	44
50	22	0	50	25
75	71	2	6	21
0	71	53	53	30
34	22	58	28	6
88	71	40	40	44
12	71	19	9	22
80	71	8	0	49
2	71	70	70	25
75	22	15	58	25
2	71	70	70	25
12	71	10	45	20
20	71	25	25	86
66	52	8	0	90
42	71	45	22	80
5	22	27	17	80
5	22	45	22	80
9	22	45	22	80
89	22	48	48	3
75	71	67	67	3
38	71	23	5	25
75	71	71	71	82
12	71	1	14	56
52	22	23	5	27
73	22	50	24	82
88	22	40	40	30
37	22	17	1	50
73	22	34	34	3
80	22	64	31	49
73	22	26	26	82
79	22	32	32	44
73	71	44	89	82
1	71	40	40	82
89	71	48	48	49
0	71	53	53	30
88	71	40	40	44
88	71	40	40	44
74	22	41	83	6
58	22	63	63	44
0	71	53	53	30
72	71	20	56	26
77	71	59	59	3
36	71	66	66	50
65	71	7	64	51
73	71	15	58	65
11	71	20	95	67
20	71	73	36	74
5	71	27	17	22
68	71	16	93	19
98	22	4	4	40
75	71	16	27	49
28	71	47	23	28
98	71	43	87	3
89	71	58	28	22
24	22	28	47	49
95	52	12	99	6
18	71	78	78	50
8	71	49	49	25
29	22	39	39	34
0	71	53	53	30
73	71	15	58	82
95	71	56	13	50
73	71	55	8	82
20	22	73	36	11
64	71	33	33	22
89	22	11	2	3
3	71	50	24	27
64	71	22	10	82
42	71	45	22	80
83	71	47	23	28
80	71	5	19	3
12	22	69	69	56
96	71	42	20	56
20	71	25	25	11
64	71	23	5	25
64	71	33	33	50
75	71	67	67	82
27	71	17	1	50
47	22	2	6	59
0	71	53	53	30
18	71	78	78	50
32	71	51	51	49
19	71	71	71	6
19	71	71	71	3
19	22	8	0	49
19	71	6	16	25
43	71	48	48	20
24	22	28	47	82
22	22	9	91	84
75	71	24	11	49
49	71	21	21	84
24	22	28	47	1
12	22	28	47	49
24	22	28	96	1
7	71	57	57	56
61	22	77	77	28
49	22	24	11	49
80	71	28	47	90
75	71	49	49	49
52	22	24	11	49
50	22	44	89	18
38	71	46	46	27
38	71	46	46	50
26	22	31	7	64
49	22	4	4	49
52	22	24	11	49
80	71	28	47	90
12	22	24	11	49
38	71	46	46	27
38	71	46	46	50
80	71	16	27	49
89	22	24	11	49
73	22	23	5	27
73	71	22	10	3
3	22	49	49	25
38	22	0	98	25
92	71	30	30	52
13	71	1	81	47
73	22	23	5	27
73	71	22	10	3
3	22	49	49	25
38	22	0	98	25
98	22	4	4	40
89	71	72	72	65
64	71	33	33	82
94	22	37	37	49
48	71	11	2	6
73	71	22	10	82
24	22	2	6	59
49	71	21	21	21
24	22	64	31	3
89	71	14	12	25
72	22	20	56	13
18	71	78	78	49
21	71	46	46	50
42	22	45	22	80
32	71	6	41	59
83	71	47	23	28
84	71	9	15	56
24	22	28	47	49
73	22	26	26	82
32	71	55	8	82
94	34	37	37	51
73	71	66	66	65
96	71	69	69	49
74	22	41	83	72
74	22	41	83	6
47	71	36	3	59
26	22	38	38	65
26	22	38	38	18
8	22	71	71	23
7	22	60	60	40
19	22	60	60	40
89	71	11	2	82
21	71	46	46	50
75	71	22	10	25
19	22	45	22	80
58	52	63	63	44
89	22	32	32	38
7	71	57	57	56
96	71	19	9	22
12	71	1	14	56
12	71	1	14	49
12	22	1	14	48
20	71	1	14	49
12	22	1	14	47
80	71	16	93	3
0	71	2	82	1
20	71	1	14	21
20	22	5	19	3
73	71	34	34	3
20	71	25	25	86
75	71	2	82	25
94	71	37	37	59
27	22	59	59	50
11	22	20	95	13
72	71	20	56	26
0	71	53	53	30
61	71	47	23	28
24	22	28	47	1
73	71	14	12	82
20	71	35	35	82
70	71	3	85	82
20	22	73	36	11
64	71	33	33	50
27	71	17	1	50
64	71	22	10	50
72	71	20	56	13
74	71	27	94	27
61	22	24	11	49
72	71	1	81	49
65	71	65	65	51
23	22	32	32	49
73	71	6	16	12
98	22	4	4	42
96	22	9	15	6
20	22	34	34	3
44	22	29	29	82
80	71	5	90	49
75	71	22	10	49
27	71	17	1	50
20	22	75	75	91
98	22	60	60	40
31	71	16	93	57
80	71	48	48	49
22	22	9	91	6
28	22	42	20	6
61	22	16	93	6
89	22	16	93	6
64	71	22	10	82
80	22	15	58	3
92	71	30	30	52
18	71	13	44	3
24	22	8	0	22
49	22	76	76	21
82	71	9	15	47
89	22	14	12	49
75	71	22	10	82
73	71	36	3	82
95	71	27	94	82
64	71	33	33	50
73	71	6	16	82
21	71	67	67	82
64	71	22	10	82
67	71	22	10	82
73	71	74	74	27
98	22	5	19	49
20	22	73	36	11
73	22	23	5	27
83	22	47	23	28
37	71	50	24	33
73	22	26	26	65
98	22	4	4	66
52	22	76	76	49
1	22	27	17	82
20	71	75	75	47
80	71	43	87	3
73	71	22	10	82
73	22	74	74	86
18	71	71	71	25
98	71	4	4	70
98	22	4	4	66
28	71	47	23	28
26	71	31	7	19
89	71	14	12	25
1	71	16	93	57
21	71	22	10	82
73	71	29	29	27
73	22	55	8	82
38	95	3	85	82
73	95	3	85	82
3	52	22	10	82
18	71	71	71	25
98	71	4	4	70
98	22	4	4	66
28	71	47	23	28
26	71	31	7	19
89	71	58	28	3
18	71	71	71	25
98	71	4	4	70
98	22	4	4	66
28	71	47	23	28
26	71	31	7	19
98	71	49	49	22
95	71	67	67	59
20	71	73	36	11
18	22	78	78	50
3	71	50	24	27
82	71	9	15	56
89	71	76	76	47
42	71	45	22	80
89	71	4	4	70
75	71	71	71	49
23	22	32	32	49
44	22	6	16	82
20	22	73	36	74
82	71	16	27	47
22	22	9	91	48
67	22	1	81	47
5	22	27	17	80
95	71	27	94	27
88	71	40	40	6
79	71	6	41	6
55	22	0	80	72
50	22	44	89	9
27	71	17	1	50
73	22	26	26	82
65	22	65	65	51
3	71	50	24	27
25	71	67	67	50
74	22	41	83	57
73	71	5	90	82
89	52	40	40	6
70	22	5	90	49
79	22	5	90	3
34	22	58	28	49
50	22	36	3	12
95	71	27	94	27
89	22	58	28	63
79	22	61	61	44
20	71	25	25	86
96	71	19	9	86
24	22	28	47	90
24	71	49	49	90
23	71	50	24	73
55	22	0	50	72
50	22	44	89	82
73	71	16	93	82
20	22	75	75	91
82	71	16	27	21
98	71	8	0	21
20	22	5	19	49
51	71	71	71	49
18	71	78	78	57
75	71	71	71	82
61	22	77	77	28
46	71	18	18	6
96	71	60	60	40
70	71	28	47	49
49	71	79	79	21
49	71	79	79	21
19	22	8	0	49
92	71	16	27	12
64	71	6	16	50
73	22	14	88	82
73	22	69	69	82
61	22	77	77	28
47	71	37	37	50
67	71	9	15	82
69	71	6	41	6
73	22	56	13	82
95	22	27	94	82
95	22	6	41	25
74	71	41	83	27
31	71	16	27	57
22	71	9	91	48
86	22	18	18	48
22	71	9	91	48
22	22	9	91	48
86	71	57	57	48
26	71	79	79	61
21	71	67	67	82
75	71	2	6	82
74	71	2	6	1
75	71	32	32	49
64	71	67	67	3
70	22	31	7	90
1	22	2	6	49
0	71	2	82	30
79	71	40	40	44
82	71	2	82	47
58	22	63	63	44
72	71	20	56	13
98	22	60	60	40
19	22	45	22	80
3	22	49	49	3
24	71	71	71	3
80	71	64	31	27
75	71	64	31	3
19	22	5	19	3
20	22	25	25	86
20	71	42	20	56
49	71	21	21	34
75	22	71	71	3
32	71	67	67	59
73	22	29	29	82
73	22	74	74	3
56	22	24	11	49
80	71	66	66	23
98	22	43	87	64
92	71	30	30	52
21	71	46	46	25
95	71	12	73	65
38	22	23	5	27
38	71	13	44	25
73	22	55	97	65
67	71	13	55	25
80	71	64	31	3
54	71	49	49	65
0	71	53	53	30
74	22	0	50	27
58	22	63	63	3
27	71	17	1	50
94	22	37	37	50
65	71	65	65	51
65	22	32	32	6
42	22	45	22	80
11	22	20	95	13
72	71	20	56	26
75	71	2	6	65
16	71	40	40	6
70	22	13	44	90
7	71	57	57	56
12	71	71	71	56
2	22	13	55	27
61	22	18	18	56
96	71	19	9	78
28	22	47	23	46
49	71	21	21	34
22	71	9	91	49
96	71	24	11	47
19	71	6	16	25
24	22	28	47	90
32	71	67	67	6
73	22	29	29	82
20	22	35	35	86
12	71	1	14	49
20	71	5	19	11
64	71	33	33	3
64	71	33	33	50
21	71	46	46	25
21	71	46	46	6
21	71	67	67	50
19	71	23	5	25
19	71	64	31	3
64	71	46	46	25
21	71	67	67	50
19	71	23	5	25
19	71	64	31	3
26	22	31	7	19
64	71	23	5	25
27	71	36	3	50
73	71	15	58	82
73	22	74	74	3
74	71	0	50	25
74	71	2	6	65
82	71	42	20	56
73	22	14	12	82
18	22	78	78	6
28	22	47	23	28
24	22	27	17	40
12	22	48	48	21
18	71	78	78	50
18	71	51	51	49
51	22	31	7	76
50	22	44	89	18
94	22	37	37	59
92	71	30	30	49
73	71	34	34	33
67	22	26	26	27
20	71	25	25	86
38	71	3	85	82
36	71	17	1	50
38	22	0	80	82
24	71	31	7	82
12	22	24	11	49
0	71	53	53	30
0	71	2	82	30
68	22	0	80	6
75	22	2	6	65
74	22	0	80	82
11	71	20	56	13
72	71	20	56	17
57	22	6	16	82
28	52	47	23	28
38	22	0	80	25
42	22	45	22	2
68	22	0	80	6
70	71	48	48	49
65	22	32	32	33
14	52	6	16	6
55	22	70	70	27
38	71	13	55	6
58	52	63	63	44
58	22	63	63	44
82	71	9	15	47
82	71	9	15	56
24	22	28	47	49
80	71	28	47	90
70	22	58	28	19
98	99	4	4	66
96	71	9	15	75
84	71	9	15	23
18	22	8	0	49
73	71	3	85	82
73	22	23	5	27
27	71	46	46	50
64	71	67	67	82
65	22	65	65	51
38	22	0	50	50
32	71	16	27	6
32	71	16	27	6
70	71	31	7	6
57	71	15	43	33
67	71	50	24	27
80	71	48	48	49
94	71	0	80	22
37	71	41	83	65
42	71	45	22	80
24	22	28	96	38
26	22	38	38	49
0	71	2	82	25
77	71	17	1	50
89	71	76	76	49
18	71	51	51	3
19	22	64	31	3
64	71	22	10	82
20	71	25	25	11
28	22	47	23	28
79	71	10	92	49
19	22	71	71	56
98	22	4	4	66
70	22	3	84	6
32	71	51	51	6
21	71	24	11	50
64	52	6	16	25
82	71	9	15	48
82	71	9	15	56
82	71	9	15	56
82	71	40	40	20
0	71	2	82	49
32	71	51	51	64
79	71	10	92	49
35	22	24	11	22
89	71	11	2	82
73	71	55	8	82
3	22	15	58	33
92	71	30	30	52
18	71	13	44	3
24	22	8	0	22
49	22	76	76	21
18	22	51	51	6
89	71	10	45	20
82	71	9	15	47
2	22	13	44	27
38	22	23	5	27
73	22	74	74	27
80	71	39	39	34
7	71	9	15	28
82	71	9	15	56
27	71	37	37	50
47	71	0	80	50
39	22	18	18	49
58	22	63	63	50
98	22	4	4	9
3	71	50	24	27
3	22	49	49	25
70	71	28	47	19
20	22	25	25	86
73	71	64	31	27
96	22	9	15	28
75	71	67	67	50
18	71	78	78	50
51	71	31	7	76
75	71	9	15	23
49	22	28	47	49
73	71	64	31	27
73	22	55	8	82
20	22	5	19	65
21	71	8	0	1
42	22	45	22	80
9	22	45	22	80
5	22	14	12	34
15	22	61	61	63
85	22	3	85	43
98	22	39	39	18
59	71	52	52	50
21	71	23	5	25
19	22	64	31	90
64	71	6	16	50
42	71	45	22	80
95	71	47	23	79
61	71	77	77	28
95	71	13	55	27
2	22	13	44	25
75	71	28	47	49
98	22	33	33	15
75	22	60	60	40
89	71	46	46	82
24	22	28	47	1
89	22	72	72	61
74	71	26	26	65
3	22	6	41	25
47	71	13	44	50
89	22	2	6	21
94	22	37	37	6
65	22	65	65	51
58	22	63	63	6
0	71	53	53	6
72	22	20	56	13
82	71	6	16	50
25	71	51	51	50
25	71	51	51	6
75	71	8	0	22
74	22	10	92	6
82	71	9	15	56
20	71	42	20	14
31	71	16	27	57
49	22	21	21	34
96	22	24	11	23
49	22	24	11	49
26	22	72	72	19
24	22	28	47	90
85	22	3	85	82
24	71	8	0	38
21	22	13	44	27
73	71	74	74	27
50	22	44	89	9
19	71	9	15	3
98	22	4	4	49
98	22	62	62	40
96	71	60	60	40
73	71	14	12	82
64	71	33	33	50
27	71	22	10	50
80	22	34	34	82
79	71	68	68	3
18	71	51	51	50
75	71	67	67	82
21	71	67	67	59
61	22	77	77	28
67	71	9	15	47
82	71	9	15	48
0	71	2	82	1
75	22	32	32	50
0	71	2	6	6
72	71	20	56	13
24	22	2	6	1
42	22	45	22	80
80	22	5	19	3
20	71	25	25	86
24	22	28	47	27
12	71	24	11	23
49	71	24	11	49
96	71	21	21	34
18	71	71	71	3
70	71	31	7	82
32	71	2	6	59
75	71	2	6	1
43	22	6	16	12
37	71	36	3	59
20	22	19	9	22
49	71	72	72	21
61	22	77	77	28
24	22	28	47	19
11	71	20	56	13
20	22	25	25	11
19	22	58	28	78
73	22	29	29	82
73	71	36	3	82
73	22	64	31	27
23	22	7	42	27
20	22	75	75	3
95	22	56	13	5
50	22	4	4	66
82	71	1	81	47
98	22	43	87	64
66	22	1	14	21
80	71	42	20	28
73	71	14	12	82
3	71	50	24	27
5	71	27	17	80
83	22	13	55	13
24	71	2	6	1
25	71	51	51	52
75	71	46	46	27
35	22	24	11	52
49	71	24	11	52
49	71	24	11	49
73	71	22	10	82
92	71	30	30	52
61	22	47	23	49
75	71	16	93	49
74	22	41	83	27
64	71	22	10	82
25	71	51	51	50
1	71	14	12	82
21	71	22	10	82
3	71	50	24	27
5	71	76	76	57
73	71	35	35	65
49	71	48	48	7
66	71	21	21	7
43	71	71	71	3
86	71	57	57	48
64	22	23	5	25
73	22	74	74	3
38	22	23	5	25
80	71	67	67	82
49	71	21	21	84
73	22	29	29	82
73	71	36	3	82
73	22	64	31	27
23	22	7	42	27
20	22	75	75	3
95	22	56	13	5
50	22	4	4	66
82	71	1	81	47
98	22	43	87	64
66	22	1	14	21
80	71	42	20	28
21	71	22	10	50
3	71	50	24	27
50	71	24	11	5
83	22	13	55	13
82	71	9	15	48
56	22	24	11	49
61	22	24	11	28
52	71	76	76	52
12	22	24	11	25
19	22	60	60	40
73	71	14	12	82
73	22	34	34	82
79	71	68	68	3
18	71	51	51	50
75	71	67	67	82
21	71	46	46	25
94	71	37	37	25
47	71	17	1	50
3	71	16	93	57
27	71	36	3	50
37	22	0	80	50
47	71	37	37	50
89	71	0	80	22
49	71	48	48	49
47	22	1	81	3
7	22	57	57	28
22	22	57	57	48
82	125	9	15	48
22	71	57	57	48
67	71	9	15	47
75	71	2	82	47
75	71	2	82	40
0	71	2	82	6
11	71	20	95	13
24	22	2	6	1
19	71	45	22	80
20	22	5	19	3
20	71	25	25	86
24	22	28	47	25
80	71	16	27	49
75	71	24	11	28
49	71	24	11	21
49	71	21	21	34
24	71	71	71	3
70	71	31	7	82
24	71	28	47	49
26	71	51	51	65
64	71	6	16	25
73	71	14	12	82
92	71	30	30	49
73	22	56	13	82
50	22	56	13	57
34	22	58	28	63
79	22	32	32	6
65	31	7	64	51
50	22	44	89	27
38	71	0	50	25
50	22	44	89	57
50	22	55	8	42
74	71	12	73	65
32	71	16	27	6
82	71	16	27	6
32	71	67	67	82
19	22	11	2	3
64	71	46	46	50
38	71	23	5	25
80	71	64	31	3
75	22	2	82	3
75	71	33	33	15
3	71	49	49	33
28	22	77	77	28
20	71	25	25	86
42	22	45	22	80
96	22	60	60	40
49	22	4	4	64
96	71	42	20	56
50	22	47	23	49
66	22	21	21	21
49	71	79	79	61
61	71	24	11	49
58	22	63	63	6
0	71	53	53	30
58	22	61	61	58
70	71	43	87	3
24	22	31	7	90
73	71	23	5	27
74	71	50	24	27
0	71	53	53	30
72	71	20	56	17
11	22	20	95	13
67	71	33	33	47
20	71	25	25	86
74	71	2	6	65
94	71	37	37	59
21	71	22	10	25
49	71	21	21	34
26	71	79	79	64
72	22	6	16	49
24	22	28	47	1
89	71	72	72	64
64	71	6	16	50
3	71	22	10	27
31	71	0	80	80
17	22	27	17	57
98	22	60	60	40
98	22	60	60	40
8	22	23	5	25
55	22	29	29	82
73	22	56	13	65
64	71	46	46	50
25	71	78	78	49
25	71	51	51	48
18	71	6	16	27
0	71	2	82	6
0	71	2	82	6
79	95	40	40	6
65	22	65	65	51
84	71	9	15	56
52	71	9	15	52
75	22	24	11	49
42	71	45	22	80
61	22	47	23	28
11	71	20	56	26
98	71	39	39	34
98	22	4	4	40
75	71	28	47	84
24	22	28	47	90
49	71	24	11	21
24	22	28	47	49
80	71	6	41	3
27	22	50	24	50
7	71	57	57	48
61	71	42	20	49
61	71	77	77	48
80	71	16	93	75
73	22	34	34	3
75	22	49	49	50
1	22	56	13	3
89	71	24	11	49
52	71	24	11	82
98	71	14	12	82
19	71	46	46	50
80	71	26	26	82
80	71	64	31	3
95	71	15	58	50
80	71	64	31	3
67	71	16	93	57
38	52	18	18	82
50	71	44	89	82
50	71	44	89	82
42	71	45	22	80
70	22	5	90	19
24	22	28	47	82
0	22	53	53	30
79	71	40	40	44
48	22	40	40	6
58	22	63	63	44
89	71	16	93	49
96	71	42	20	56
20	71	42	20	56
96	71	1	14	56
61	71	47	23	28
24	71	28	47	65
94	22	37	37	50
94	22	37	37	50
24	22	28	47	57
96	71	40	40	6
49	71	21	21	84
58	22	61	61	44
50	71	16	27	57
96	71	19	9	49
43	71	58	28	64
96	71	48	48	49
96	22	19	9	22
80	71	58	28	22
19	22	5	19	90
32	71	67	67	49
48	22	46	46	50
21	95	46	46	6
89	22	11	2	6
32	71	26	26	82
8	52	23	5	25
1	71	13	44	82
73	71	64	31	3
0	71	53	53	30
24	71	32	32	33
75	22	49	49	3
28	22	47	23	46
68	52	70	70	25
20	22	73	36	74
11	22	20	56	13
1	71	14	12	3
96	71	42	20	56
70	22	3	85	82
70	22	60	60	40
49	71	79	79	21
26	22	79	79	64
24	22	28	47	1
64	71	22	10	50
21	71	46	46	27
75	71	67	67	3
70	22	11	2	3
21	71	23	5	25
73	22	27	17	82
75	71	2	82	6
24	22	64	31	27
64	71	33	33	15
75	22	32	32	51
28	22	47	23	28
20	71	25	25	86
42	22	45	22	80
58	22	63	63	6
0	71	53	53	30
49	71	8	0	7
86	22	69	69	28
96	71	57	57	56
49	71	14	12	49
26	71	16	27	49
19	71	71	71	50
19	71	60	60	40
98	22	4	4	9
49	71	79	79	61
49	22	21	21	7
49	71	24	11	49
24	22	31	7	38
19	22	23	5	25
49	22	48	48	12
43	71	33	33	3
24	22	5	90	90
80	71	16	93	82
64	71	28	47	59
64	71	23	5	25
5	71	33	33	3
19	71	64	31	3
58	71	63	63	22
95	71	16	93	57
74	71	41	83	65
0	71	53	53	30
55	22	70	70	27
11	71	20	56	17
80	71	16	93	19
3	71	50	24	27
80	71	64	31	86
42	71	45	22	80
18	71	67	67	50
61	22	77	77	48
86	22	18	18	48
20	22	73	36	74
49	71	21	21	21
3	71	23	5	25
64	71	33	33	50
64	71	33	33	15
49	22	79	79	7
49	22	24	11	49
23	22	9	15	3
65	22	32	32	44
61	71	77	77	28
31	71	76	76	52
20	71	42	20	56
98	22	4	86	66
20	71	25	25	86
72	71	20	56	13
0	71	53	53	30
58	71	63	63	22
27	71	49	49	50
42	71	45	22	80
49	22	21	21	6
64	71	6	16	50
24	22	28	47	90
20	22	5	19	3
24	22	28	47	49
18	71	78	78	50
75	71	22	10	15
58	22	63	63	6
75	22	8	0	49
75	22	60	60	40
95	71	2	6	65
72	71	20	56	13
43	22	2	6	70
20	71	25	25	21
10	22	27	94	53
61	22	77	77	28
68	71	13	55	28
0	71	53	53	30
58	22	63	63	6
65	22	65	65	51
47	71	37	37	50
2	71	6	41	25
96	71	19	9	78
20	71	42	20	56
43	71	10	45	20
96	71	19	9	6
24	22	28	96	38
98	22	4	4	66
58	22	63	63	44
73	71	55	8	82
47	22	17	1	50
24	22	28	47	90
28	71	47	23	49
2	71	70	70	27
25	71	51	51	6
86	71	57	57	48
74	22	0	50	15
89	71	23	5	22
7	22	57	57	56
38	71	6	41	25
24	22	64	31	90
21	71	67	67	49
24	22	28	47	49
20	71	25	25	86
98	22	62	62	66
24	22	8	0	90
73	22	23	5	27
3	71	22	10	27
26	22	31	7	90
1	22	14	88	82
64	71	36	3	82
24	71	11	2	50
42	22	45	22	80
3	71	28	47	33
27	71	17	1	50
27	71	59	59	50
2	71	70	70	27
23	71	50	24	33
73	22	35	35	33
73	71	23	5	27
38	71	0	80	15
73	22	50	24	27
73	22	74	74	27
80	22	5	19	86
59	71	52	52	50
20	71	25	25	86
70	22	31	7	82
24	22	31	7	90
1	71	14	12	82
75	71	71	71	82
70	71	5	90	90
80	71	5	90	49
3	71	50	24	82
73	22	55	8	82
89	22	74	74	74
50	22	4	86	66
73	22	29	29	27
96	71	54	54	0
26	71	72	72	61
1	22	7	64	57
98	71	56	13	61
51	22	0	80	49
38	71	13	55	82
73	71	14	12	82
80	22	39	39	34
5	71	27	17	80
24	22	64	31	49
83	71	47	23	79
24	22	28	47	1
75	71	22	10	82
25	71	51	51	28
35	22	24	11	52
49	71	24	11	49
28	22	77	77	46
80	71	16	93	49
24	71	28	47	82
89	22	56	13	50
51	22	8	0	38
92	71	30	30	49
20	71	25	25	86
21	71	22	10	82
20	22	75	75	22
19	22	60	60	40
95	22	27	94	82
41	71	27	94	80
75	22	23	5	25
58	22	63	63	6
74	71	53	53	27
74	22	0	50	6
49	71	24	11	52
72	71	20	95	17
95	22	15	58	50
74	71	50	24	82
16	71	40	40	6
0	71	53	53	30
50	22	41	83	57
31	71	9	15	23
